519965814175567872
693281966846808064
693123067204243456
501774615837163521
692922211338981377
766568413418356736
693670046497935361
692537942439501824
692440373449396224
552805488631758849
427762638274437120
535252460148113409
524929796862918656
550003619303788545
500381163866062848
510916725953417218
576513463738109954
767715489485205505
764620072228970496
707405809181917184
544282005941530624
529434230938284032
567765185407234049
726190016435728385
727982226290442240
707300612862566400
553008832784642048
387010299536355328
692691444046372865
576319832800555008
544305540286148609
650952376954650629
490080544949276672
489872119158046720
500258409988763649
334722003057647616
767710245779103744
531498841158082562
688428083540553728
682548344690970624
516435293235183617
778949749156245504
516727880571572225
514106273852174337
665302351742275584
514106939173634048
689922870689009664
524685073979678721
647169726158925824
524958128392376320
778681502825451520
693476901772513280
532559937269166080
767715524222578688
692842124841123842
693185488644149248
687673284436082689
692692529779707904
628604055644934144
766989078294306816
692748204064927745
551082055883563008
693171092555431936
525005886272843776
764158239089029120
525032872647065600
612841482823729152
616311563071434753
504243239084236800
684878165714563072
544314234541469696
548672230134382592
528237933661544448
689798164287741953
714560810266132480
535484342785830912
689555819059351552
681147789653356544
542600886653292545
650128194209730561
693452449173086210
554688527435563008
519868410599993344
525033697045925888
693651239486263296
688446106943008768
542423103834296323
489872500462190593
755523157700648960
555003887753494528
667487418388488192
727179214546456577
673611867181473792
652349108653551616
693071700200722433
618805892222468096
692497796956561408
692014905239666688
500413818368184321
693118410444636161
693571567377342466
544698560655400961
692150118921957376
765859710503378944
537006518118273025
489974591985840128
519704006826807296
757450526153900032
765359928361922560
553115236992290816
752965545528528898
767803368081358848
626516248206135296
489796088338341888
511330322831507456
692759090469212160
767807335691653120
767845555313774593
500377906305327104
506784541696991232
689103487880310785
524211911668543488
523126268603031552
574004164570841088
693485676881403905
672553813249826816
500294803402137600
714598641827246081
524944881941495809
520244836084228096
692382471061663744
365052155385749505
692764799315398656
524966904885428226
524940659778920448
727588444000526336
407176873605865472
682999206290829312
528822281972498432
524294016435634178
723772395211862016
553474188259102720
693315824132685824
676491949524713473
692540218310803456
544269749405097984
672632899921833984
517034091028676608
732981604826677249
647464349611589632
544328894812549121
524699123971534848
656870311057575936
514148279601606656
690252631822864384
761573188543229952
687643002240679936
522534012544638976
528562608463704064
692820029159653377
748640007934590976
715255507506892800
489867900296368129
566089610485579776
642027433693171712
652300118205427716
691791477912014850
514535408126795776
614604580601597953
766358933296517121
525291306000846848
523820806917603328
693272659447119873
336873759271157760
732004388181434368
538193964479045633
500354773133299713
514201362729828352
518870005677826050
504244627680272384
536871550184869888
533767270091087872
523581212175392768
757190314880884736
766715993385267201
692623941131722752
560187970389819392
642145732435292160
693537938425171968
693079616072880128
532284428542681088
501768276523761666
689208632148365314
715264793737879553
551120768164462592
524935769614331904
689799953330368513
514150992552931328
516682897864916992
514555852351479808
519921456730607616
766299560415223808
767482587879051265
524929106987991040
693185853867294721
688520025754304512
551942365901250560
574062768896212992
509466295344304129
427780584979836929
765863022506151937
676870737932742656
672828403016429568
767710042816602112
500319801344929795
728625967921401856
510931521306243072
714811995573325828
495305620342714369
690680310061756416
687631811560763392
523098334421319680
674244561519161344
693355140284334081
656595123590012928
688366079396163584
692357775859564544
689650617464311813
692113839387709444
652882609219833856
517416417164263424
724044187113512960
661184793342775296
655080266784968705
551135925862805504
407211258304552960
519375764165509121
489968646014246912
554655549896159233
766752508312166402
549998575330275330
692287441168900097
692874200927698945
689661418484994049
489975398151618560
765739657908850688
550095745161134080
767541796410839040
504131654810877952
533811170889568256
692083780123783172
576829262927413248
514039286845698048
628681462976528384
531287426858487808
641082932740947972
514072132301910016
562256876763901953
407212665350942720
489836271049928704
524962676665888769
692046121250586624
692892472729415680
523123779124600833
693087220459270144
693673606279229440
544512910538838016
692472216135569409
668849913678209024
662430295254175744
692797856386777089
497073936077959169
616421546702336000
684118654418419712
525134787778850818
489794369487380480
689529955294777344
524925987239120897
692031514943582208
509464217549021184
693102420688121856
689267711856263168
692056985513123840
470025166760980483
635632641635667968
489816746405007360
542860306603868160
756690088533393409
693686290408181760
427831952826449920
693523133920342016
692826642583019521
570405783306944514
489833932813516800
565999191982616577
364589696573124609
613061089518034944
613016993692798977
614594259900080128
538900739880665088
692031224227958789
692142338890661888
531161914689482752
633397936563560449
669613420665159680
767580827513397252
545271117355958272
524185876931162112
532255606623989760
544271284796784640
554886875303780352
407184707118309376
671181758692507648
691986377584549888
727172374999666688
518665533089406976
723025600810766336
693939356390653952
693465666259656705
649889459836710912
693554344298467328
514540926640087040
689722724470620161
693711272014155776
764906140257837056
665309822208729088
652000523525091328
693466724822323200
693718533239365633
519131101798100992
664000310856310784
693492159635443714
504478567062056962
692752491482615808
524958992330522624
525300042207612928
767754921403899906
489796998615547904
693146363685642240
745236050407194624
656880145769197568
538412662858588160
692735354240114688
500371149713178625
724603564946010112
692758050378256388
722885778448121857
766307327922335745
637382230394822656
525009850104037376
553501357156876290
634404792241143809
692024256520179712
530943279161155584
693534670428971008
544350712365207552
755548076438196225
407279190913069056
693321561542127616
674358835675549696
518827403452637184
693402634011701248
757367391202471937
740791134146965504
552661209204260864
693807822971236353
523863683928457216
693032076543655936
613393657161510913
525305690257379328
509464271118688257
501760566160289794
568075025418317826
691656866972209152
692581635594694658
686701278785843200
553461741917863936
767709416879644672
707420972173955072
693921710383337472
407167928313081856
614638036593299456
553186555150749696
693925198630821889
372914976102834176
633961125126668288
552112474913136641
692929779696275456
673581371458199552
693116426824093696
553040930144792576
763404633217835009
509478961705807872
489818014364086273
666335363099660288
693916809125351425
491200302365040640
528495998537334785
521098692326350848
690969315470868480
666190716448587776
766316494695305218
687786822475366401
518866406512025602
520284654755381249
522453569702989824
510507736287961088
531833153145823233
489798752358916096
688021039322894336
693926742814281729
544290258951892992
692023855926374400
489887806018183168
693858804279201794
531129816389779456
778299287293816832
690174644071047168
547803254516490240
693056396250652672
693826104633737217
673686233936072704
693136527816331264
557885928417816576
527286846347567104
509463933564891137
688819658057740290
539254751343681536
528676615207653376
501781217411215360
524925050739490816
407262953533353984
520265722967375872
693459931022913536
544457299667202048
544289941996326912
551575491430211584
514142113601437696
613294443878305796
693487871806689280
693512850539683842
692099058811453440
693102023764492288
519348106836860929
536826622725218304
387309869080281088
387220814531395584
693098795022725120
489854703321509888
524757333608394752
553470492565602305
693214543615561729
507918114567499776
532928419051622400
665379967757324288
614648099542204416
538133250066366464
666633171325353989
504652021601800193
539813330983354368
551103664124100608
691608761128067072
656834590779289600
524176293450223616
365276206381268995
514429381737852929
387353560356118528
665364878287224834
407262869152358400
674229534888185856
522321383716818944
534409916560461825
693456340790804480
766541461189832704
638050997340893184
489829414704648192
692927739066740741
553107921081749504
553503184174710784
509463916586762241
640182854928961536
514512849876836352
517051126466625536
524959836778536961
516539137646542848
693857551620968448
767129248045948929
517003426832453633
553587303172833280
693546915892428800
689867195657101312
693648675772436480
633949800761700352
725174535897620481
742678930516123650
693824042164436992
509114008587100160
336913656921083904
489812926828924928
517038566061658114
614628865353351168
566999951449001984
693082547664883712
778689027918618625
659428447459110912
673664899571060736
532206910796468224
672432930426372096
365497016098369536
674314254732931072
693893182338289664
524949828711620608
693126696132804608
687632433483759616
531606992788287489
524991067675189250
692364468442021889
689719109785907200
528357165677817856
764931593303646208
693141729529184256
527138218505175040
701175292937707520
539799806039052288
562090534945431552
615840865815298048
614650850393391104
725070832494624769
673615400655970304
538408710084001793
500286058664579072
693162950358622208
687537772970684417
507242819623587841
509152237503778816
692765809425408000
538346377794031618
637873886072320001
489798752438583297
543319210659971073
731093044460683264
726043971911213057
489970164469751808
553505242554175489
524998384357486592
765934198297362432
663515735231062016
693853310479155200
658755852199927808
692528931459694592
552806757672964097
626546123713474560
544358533819420672
652982112870662144
693083689098477568
714503380476026880
685232704774787072
693204708933160960
729647367457230850
693466451081060353
640967537178472448
672180526946656256
693622130735484929
691632933170450435
692105324111761408
688763099298529280
522684367647559681
524926472432410625
552811386259386370
693769968199061504
693122199536934912
693216311502073856
659439879701602304
407173794583695360
553160652567498752
641972184412327937
675064077367005184
538374385665449985
552615631246622721
763964234774347776
612741808125120513
661299012386095105
543586319168196608
544391533240516608
691976624665919488
767355933919997952
692736398462300162
524951893467234304
692063305297453060
663722803489808384
689853056440221696
759653274605740032
690137637810761728
524935246647926784
519867098945044480
714531423273746432
514483762566922240
524227209976745984
407162181059612672
387006700609228801
514495841600811009
714577521992343552
524946179390701568
692217618778972161
692047663211085825
521769631519092736
407197672702214144
693490132440129536
649903655160815616
767068504277344260
687674548712505346
766719302401613825
531634492528939008
666640008149925893
538137715293061120
514508854990999553
504419526998360064
693265096278163456
701975210044497921
676067381299576832
692630756548591616
532203605236154368
693555965019492352
693013768738115584
715254040289021952
536804445678755840
568905632998412288
550038665653542913
524881688825167872
552568163431247873
532276693931945984
618804516578680832
544324444773433348
690920430287331328
527947775905103872
692071267189395457
527295015643394048
536558567206420480
728013148788154368
693935557009801218
551106793959862272
614614133410033664
692190570140340229
358591089462099968
524181699043663872
727623131494387714
691327238353129472
693804630615166977
549975297160802304
427652211414274048
690680149164085248
692127290998784001
693129259334909952
693811101146963968
491591245152935936
693139276708585472
489902412900343809
521717368264093696
692405195796529152
689833530197671936
553136604882014208
524987184836005889
675434959939756032
714567472712589312
509031495101874176
614615157730357248
723644048867774464
539658034382123008
691789524498845699
562313802369073153
693236688538243074
693643778033344512
273278761909239808
693471161313816576
535148463609356288
627828211003469825
500278045597368320
514546272972574721
693795905049329664
524317344730869760
525088864416043008
516321020815228929
681199637387149313
549124560793374720
755475529294352385
688004802245214208
504304227246538752
427924694663454720
534205316620382208
514517470238240768
655432919595548672
489841070818488320
692818857187213313
693934062445187072
693476774462820352
692748411481780224
524933380929245184
656830586577883136
649881917534433280
522654603675176960
523655026485366784
693554007785234432
767561970182598657
504387128013246465
726442550266044416
614891047886434304
524950339074523137
673615263040798726
728631482722308096
550279538278543360
688281442162352128
666107476526432256
544515538383564801
504453071041482753
531973383198887936
518620083342835712
521533372280369152
693140568143220736
366205297557110784
687630364936957952
693140340367187969
707321278135463936
534543768653807618
504267796424163328
725983128444129280
544154048950435840
490136764619948032
532276370953752576
673872171341447169
691809004356501505
615689290706595840
504441156575297536
604354747357859842
436160836524965891
552785375161499649
726086935903494144
519275971758026752
538010064591028224
723198441690636288
407232661107642368
554958414905094144
693802524579618816
691667941314662400
407275991610818560
691380138710306816
691564354567798784
666070802924617728
692106491365605376
693691456222052352
626739062792032256
637868242560638980
693761289601060864
692267960686284800
674263945172119552
532208816692416512
692742353736568833
531526274003771392
525408908484280321
716457799392342018
626642648179159040
515918632178577408
693128224960856064
676367888543031296
653250169752977408
693344498953383936
519311120914722816
553508098825261056
614702244001382400
552146635707666433
524976963862429697
613023744454475776
623599854661541888
387281927427727360
693198912660885505
552792544132997121
519929168864497664
693648684857323521
489794593580650497
693200309955469312
692113799546048513
658065957823324160
524983325275197440
691027026552229888
523545090099523584
553103772852191233
407169699559247872
755447443009916929
553169307824177152
614626710248534016
707310135291416576
693167683701968896
693107789007339521
691700082601758720
714555825122107392
536962520477470720
651786568592658433
613194145423826944
407182194206322689
690431187916099584
723477822950395904
514057033419849728
651809229842608128
665498651742085124
693203974388895744
765612862681255936
616765822095261700
780436430732525569
500378522788315137
692925396292091905
649974380416618496
724320681517670400
762775964224847872
550284252672450560
765141361033109504
525116411887513602
727116900983934976
687911282922631168
514420223873941504
693857080193761285
427666815842414592
532281981795848192
691632238035886081
692023417575448576
653432261203750912
687766167558164481
522692223952228353
549920761423863808
688461902821855232
514478918636535808
693087256727388161
524928878075457536
547670441754914816
687409983139495939
525411618231169025
727834854931435522
693456387880402944
672102358516670465
692451275930234880
688741019979001856
551106923601219585
742114513726623744
733242244522725376
693060960001597440
539833716852273152
351767344097398785
407158558158254081
707412869860696064
348203818741272576
692368829368918017
544367462012432384
514395350615203841
693771953648373760
693840291992838147
427846006600777729
532199717594497024
701872343736520704
661870323034431489
532297096356167680
701539698452393986
524979548195024898
536835346932441088
724939017410727938
723915846985342976
687945926774800385
372489152903643136
693822949456007169
707305999971921920
693676692309700609
549964632883232768
543443188934250496
693897857376632832
693533469922693120
651959206287908868
765779159176077312
691206970074738688
531659884430106624
692332739824095234
693481256735150082
407267881131732992
553579224402235393
489798219283857408
614618682543616000
692709993573789701
649985459389661184
537976883150077952
