525300042207612928
365056836476481537
673615400655970304
693196937172951040
407262869152358400
531525016794697729
688437279405305856
527286846347567104
716092408920936448
566089610485579776
644329878876237824
537377960471166976
552792544132997121
691027026552229888
716439952922312704
536558567206420480
516321020815228929
614891047886434304
614599815280857088
356268980211687424
715268937873760256
693492349142433792
553016500492439552
634404792241143809
687911282922631168
765359928361922560
612646796355960832
676067381299576832
524995771587108864
693122199536934912
686422922894815233
642145732435292160
489841070818488320
677950378785271808
692845716826300418
524958128392376320
673346166822694914
728101712762834944
666107476526432256
407253198395555840
407163869673443328
524950507023245313
407163499723624449
692463948076093440
752965545528528898
455525437351800832
524965775036387329
364589696573124609
516636338679197697
693546915892428800
748640007934590976
767710245779103744
714598318333042688
544274934835707905
693648684857323521
674713782778654721
705092738224525312
687945926774800385
701175292937707520
604625816992002049
553548567420628992
692046121250586624
692758050378256388
521663202183348224
614645853291155457
553534838880608256
521882110789824512
767459987476054016
523655026485366784
693485676881403905
532203605236154368
553590835850514433
544517264054423552
525033697045925888
510908595144519680
687673284436082689
613393657161510913
531543620856197121
510918747188514816
656834590779289600
524144369235140608
691608761128067072
767710042816602112
693459931022913536
688932211714818048
690580180805509121
767861179951648768
727966590084485120
514098803347951616
688751183645782016
692047663211085825
553098571323437056
672902686380003328
528341588867416064
524969201102901248
543319210659971073
535474861616148480
489798752358916096
767170849472405508
547587399728267264
544399927045283840
691809004356501505
520132836594970625
554688527435563008
407217471473451008
693897857376632832
692113839387709444
531493734358061056
692925163994796033
688819658057740290
500413818368184321
689529955294777344
552146635707666433
519311120914722816
690431187916099584
380140114552188928
387220814531395584
556873675941896193
692759090469212160
728273551883534336
682895395077373952
516395112201736192
674244561519161344
656595123590012928
407237676350185475
521717368264093696
693524179597955072
489968646014246912
765631087867367426
594687353937100801
490136764619948032
693167683701968896
407292452060815360
518192429153783808
407193347279699968
645356735545364480
767223774072676354
614605997953404929
662151653462790144
687630364936957952
763430916236640256
544306719686656000
693216311502073856
667379734343471104
725983128444129280
600451916414484480
407233172380733441
527308173112139776
723644048867774464
500290456845299714
554597409351671808
656662726014599168
538166788484509696
509464271118688257
761027420849745920
692217618778972161
436146437530075136
656629493377990656
504106473467944960
568571403756294144
519929168864497664
697992796565741569
692701223326056449
689722724470620161
499368931367608320
706933939953344514
642027433693171712
553160652567498752
489865454312099840
761999790892806144
519178213441167360
688281442162352128
724320681517670400
510916647373516800
651858133304782848
659428447459110912
386998038004113409
537913349338435584
691632238035886081
525058976376193024
524941041301225472
707321278135463936
616481759329427456
500327106824245249
692922211338981377
689100941119848449
517712193841037312
500308076004929537
712223438698627073
489802446001434625
655815788675399680
516727880571572225
524970851675176960
551082055883563008
521770744855134208
688004802245214208
517850508380618752
670380354822348801
407170443443859456
539658034382123008
514062859987595264
701539698452393986
693921710383337472
689915847939219456
690926324903317504
689650617464311813
524927281048080385
553586897168392192
693893182338289664
513779458340569088
693160939802214400
723772395211862016
614650850393391104
780882510645370880
531676808836833280
553558982476828674
500294803402137600
522321383716818944
576513463738109954
514142113601437696
667534186450825216
525024066152169473
693465666259656705
714577521992343552
524987184836005889
519447199164665856
295152287901417472
387030572779847680
692752491482615808
524930671220105216
614607711368519680
519704006826807296
553587013409325058
766323684076322816
500278294055768064
536738726693847041
693899062098137088
692816955837804544
553518472798683136
675434959939756032
693408117225299968
623599854661541888
535252460148113409
672488384695279616
767768054163996672
524168442841010176
524967711492014080
524294016435634178
686527768327274497
525711899359318016
509031495101874176
714998347111669760
756282236375277568
525411618231169025
568568737621630977
604354747357859842
527947775905103872
547670441754914816
509152237503778816
532928419051622400
552677176873455616
514057033419849728
376982539132366848
688441130271289350
524962142563610625
764505291853627392
692884886374318081
407205009676587009
767845555313774593
692742353736568833
517416417164263424
765779159176077312
538129041539092480
524922729485848576
693912520923295745
693827886021767169
676094756758364160
733242244522725376
691789524498845699
544518335019229184
532208816692416512
407164597511393280
553115168084074497
507263441359613953
765934198297362432
553506608203169792
614054616154550273
672632863452299264
759460236042305536
519375764165509121
536547921542791170
614671961801785344
676491949524713473
727187859367546880
538900739880665088
687766167558164481
693059995013742592
524935246647926784
552112474913136641
661870323034431489
766541461189832704
489974591985840128
682999206290829312
692826642583019521
693471161313816576
501781217411215360
500279160795721728
407209222850756608
688741019979001856
544380742076088320
428366153149194240
654343805081157633
686493272806576128
717081129627553792
531129816389779456
692812029611089920
407223928084766721
562090534945431552
693125234317086720
551106923601219585
661299012386095105
500281131057811456
649974380416618496
553040930144792576
665364878287224834
531973383198887936
553103772852191233
614595181845839873
673664899571060736
565999191982616577
614610920782888960
649584608560832513
524646141938647043
500363740311982081
692014905239666688
687956181646753792
377519445578895360
767668607803359234
524928878075457536
544698560655400961
693204483501887488
693804277031157761
693806234026188801
532197572698320896
407191058108256257
513015596879867904
532284428542681088
655986243042459648
551128385850601472
692142338890661888
531193369465470976
692929779696275456
618192748735299584
767444114229059584
673079581520318464
560474897013415936
516435293235183617
524970097711267841
674014933235859456
514512849876836352
553588178687655936
550175324634619904
503609826128044032
724661834419048448
707300612862566400
522815405451407360
692566765822435328
767709416879644672
489812926828924928
693858804279201794
552821069036670976
518981379963777025
693509689418588160
542423103834296323
749039299677417472
509463933564891137
524586367456919552
514478918636535808
525088864416043008
731093044460683264
654351281260113920
519348106836860929
524593547807178753
520244836084228096
549975297160802304
778530869208190976
693605375803813889
523888836456108032
693126696132804608
560873850846846978
652300118205427716
766568413418356736
655080266784968705
707420972173955072
500378522788315137
676718762830221312
552802654641225728
523820806917603328
522468118082633729
767807335691653120
551106793959862272
614609560658161664
760109079133990912
524935769614331904
387041762331471872
525025463648137216
727982226290442240
660466342038867969
742571519105077248
689103487880310785
727116900983934976
407188779255222273
470025166760980483
500332933098385408
684488313512800256
524925124303396864
672180526946656256
524962676665888769
689641419825242112
693071538896162816
692932696645865472
618449248179191808
688461902821855232
524317344730869760
684878165714563072
510916725953417218
531287426858487808
536915851233202176
614702244001382400
348204426659508226
544269749405097984
693128224960856064
552791578893619200
663925546812837888
692758581494599681
672927317191229440
499679379820412928
519965814175567872
641665203046907904
688751061503442944
532297096356167680
524186749002473472
757748522481491968
716424773216022530
407218583135997953
524181699043663872
509114008587100160
522534012544638976
662381914842603520
652992524504600576
666633171325353989
726043971911213057
514483762566922240
653250169752977408
515717938025078784
629503919098429440
524206851450486785
747275598347837440
516861311725342722
731166399389962242
693240976970752004
547514662695469057
652783670370115585
681824512120324096
544291965513134080
407162181059612672
765887221736046592
562093717201616896
505657661120348163
674080899055546368
693803472806760448
626898253900943360
778572032531427332
407169699559247872
489874311143260160
514429381737852929
612841482823729152
613023744454475776
427690961280696320
524926472432410625
693441093048766464
692797856386777089
614618682543616000
550095745161134080
520338188213444608
757367391202471937
544328894812549121
726086935903494144
524923293711998976
509473920060104704
567765185407234049
665575674485211136
518827403452637184
356437941641416705
504131150429061121
691719802499432448
692707593991643136
692796451987034113
758825535480864769
616311563071434753
693618217667928068
570405783306944514
407275991610818560
656955120626880512
743764020679741440
690650123358093312
544329935943237632
614617234942656512
380055172896272384
693676692309700609
767218194385866752
445495350171013120
693402634011701248
666070802924617728
544283772569788416
498430783699554305
407191144880439298
764573523713011713
614601139422633984
723365789378584578
553544694765215745
501774251901198336
510931521306243072
690954487322796032
716457799392342018
673611867181473792
692023855926374400
557885928417816576
500303431928922113
519275971758026752
687984820815851521
672513234419638273
692746621218656258
693456387880402944
553470492565602305
745365403237376000
553474188259102720
687632433483759616
747443219487678464
538256153080127489
544512664769396736
692581635594694658
692820029159653377
525008463819464704
407167258452971520
515598200796090369
524951893467234304
553467311261503488
722885778448121857
766299560415223808
531733274968989696
647464349611589632
767520433247809536
692083780123783172
716448280201269248
766789709045518336
643225207705075716
489818014364086273
407197672702214144
407182466613792768
524933380929245184
693123067204243456
500307001629745152
689799953330368513
692691444046372865
544374511194632192
551942365901250560
656523458139045889
552834961762709505
525327108520673281
500319801344929795
545271117355958272
544271284796784640
553586860334010368
767528171520524288
674301960787505153
507354546041925632
728038172270198787
523123023646175233
553505242554175489
652982112870662144
656870311057575936
672424512516964352
500258409988763649
692078399012130816
666051332504207360
525040836757958657
693121477491757056
693082547664883712
778625026144792577
743058135300988932
687748306571804672
524320261667950592
755523157700648960
767715524222578688
273278761909239808
521790189715615744
555072815154475008
503714147138166784
767092161716350980
525028734991343617
732004388181434368
692745861978263552
517053056211357696
511330322831507456
692911086920667136
690567125128351744
714531423273746432
690680310061756416
547525843749470208
531531382611513344
407279190913069056
761355585724055553
693490132440129536
714555825122107392
524937542131793920
436215971272212480
656811196218286080
745236050407194624
767355611277168642
615689290706595840
640967537178472448
676955015265837056
692190570140340229
683158807959089152
767068504277344260
656047932093763584
524977992683237376
504244627680272384
407156621450571777
524959809402331137
544350712365207552
524185876931162112
482880640560271361
693554007785234432
544523550519218176
557621135320178688
614620298877513729
778949749156245504
544513524438155264
500377906305327104
672539897899577344
544268732046913536
692702295281262593
552785375161499649
613404935003217920
365276206381268995
533734824905670656
668849913678209024
742678930516123650
693456340790804480
532276370953752576
377002232257855488
531900034863091712
407192027714322432
693855615618322432
427666815842414592
616765822095261700
540643709465812992
767698691205410816
693761289601060864
685232704774787072
504500863944376321
491591245152935936
766808183696351233
553579224402235393
542320823915536384
761675705956655109
692818857187213313
517038566061658114
576829262927413248
524936872666353664
538374385665449985
528312406498635777
534409916560461825
521444489697583104
673615263040798726
633823543541768192
661222523275636736
519131101798100992
504478567062056962
521777301470871553
689719109785907200
516411927506206721
516420964834611201
514098833253748736
407211258304552960
552810448324943872
544367462012432384
614610102927147008
528562608463704064
693236688538243074
552783667052167168
692510002586714113
516856061182345216
525024181218725888
727834854931435522
544510450101415936
748558349139058688
691380348379201536
568452856224747520
529857740059860992
551135925862805504
387050178932654080
580348081100734464
507261372313640961
516386101766782976
766299795833102336
524926235030589440
663515735231062016
688366079396163584
693729678306189313
692537942439501824
767300637012951040
544358564484378624
693722259740069889
716451800581279744
514451906211893248
407185422523977728
693061713042771968
686666933949837312
693711272014155776
651809229842608128
628045645010608128
693181857261719553
516390549012480001
659439879701602304
693821069879160832
688446106943008768
553544252563935234
520299904934371328
763428684850094080
505611045897924608
693533469922693120
523555724807262208
489975398151618560
553476490315431937
496698590153416704
761381302260031489
516313006427602944
622891631293935616
538729383662338049
656848877463560192
510922415468449792
691889802724118532
692735698349199360
774833492865593344
538346377794031618
647169573599449088
692927739066740741
775672628493357057
551159366876147714
514535408126795776
693071700200722433
524952883343925249
376874273601630208
407181813174788096
544282227035869184
516539137646542848
553221600955621376
693873151659249669
534205316620382208
641443248909754368
523581212175392768
693272659447119873
691791477912014850
544289409294553088
693452449173086210
436074888638763008
740748123581087745
640118021101604864
522443333831262208
691986377584549888
542860306603868160
658755852199927808
765735409984806912
692765809425408000
693673606279229440
387007120689737729
560133068670140417
524993533212897281
724348906096590849
614615157730357248
693198912660885505
748543642323783681
499366666300846081
760928376668454912
524972443308683264
614624331717545984
524757333608394752
500319675797209088
553228463998783488
676367888543031296
544350567183556608
521821037726797824
647169726158925824
673872171341447169
674015148382666752
552498516225179650
766719302401613825
507557659206516736
387309869080281088
436195672677953536
536540403109879809
764449685897568256
544305540286148609
649889459836710912
407254590363426816
553212962044149761
503610065769598976
516434071631974400
531659884430106624
715256242990505984
524178388282802176
693217698482933760
628319096606732290
552792802309181440
553590459688570880
612438528803213312
706665777332621314
724624672604610562
525023025792835585
693200309955469312
521835345059389440
666335363099660288
489970164469751808
652349108653551616
513922322915282945
521727831307722753
688502260779843587
633961125126668288
528237933661544448
504433135036407808
534392174876839936
500389488217309184
525408908484280321
550279538278543360
693844030589902848
693573042111270912
544567299102244864
553589051044151296
621025025806577664
534678919656775680
550003619303788545
407267881131732992
538930446814703616
535282587325833216
692665281362202624
532275347413544961
642465192408940544
693595814401327104
726190016435728385
692150118921957376
525060425184858112
544333764814323713
535474881090322432
524976980799000578
663904307113275392
692134721195786240
516978780171436032
534445263528947712
524976106861236226
688752927381581824
544289311504355328
523126268603031552
611039775856812032
407176873605865472
742114513726623744
548672230134382592
707405809181917184
763404633217835009
692840850141753347
632377165477191680
524958992330522624
525040767317082113
560163341524807680
742050150307246080
536962520477470720
524988712367955970
667073349974102017
524966904885428226
544514570367168512
755475529294352385
532007252677656576
518830518792892416
693476774462820352
505369323922522113
387006700609228801
691656866972209152
684118654418419712
764931593303646208
517487705978966016
693648675772436480
641082932740947972
528357165677817856
682916727282270208
536826622725218304
692031514943582208
693560600471863296
532231906364911616
553550301886955520
531634492528939008
614594195479752704
693866093123915776
544278985249550337
527162170531151872
533767270091087872
553461741917863936
693523133920342016
749286768554438658
489867900296368129
407290084593913856
767463109778894848
777710439870455808
521789009576476673
549927969032916993
692881863644282880
688752484966363136
501760566160289794
766307327922335745
544520273718812672
427662266993889280
514067907475959808
358591089462099968
516475930097643520
727854332188577792
707412869860696064
500378223977721856
544512676643500033
688763099298529280
523566838958284801
626901072209121282
643103859729166337
499612545909415938
525029684095221760
520630231531802624
701975210044497921
544324444773433348
714560810266132480
517034091028676608
514517213022543872
532206910796468224
537484793882361856
693670046497935361
499456140044824576
500391222075076610
693686290408181760
504304227246538752
534364937939062784
531498841158082562
553186555150749696
544289941996326912
613061089518034944
556541489388724224
531108688749404160
692368829368918017
531161914689482752
678277910537588737
635632641635667968
552457656666185728
615346611955183616
524930365400821761
538137715293061120
407198615137181696
730516765525082112
693631772639145984
715253497462145024
724703995147751424
500288349924782080
370855596050108416
693502060545703937
614599587362414592
504109775358287872
407174474207731712
489836441120145408
665309822208729088
524944399890124801
692745208421679104
693487871806689280
665302351742275584
692287441168900097
552706985087361025
725174535897620481
620916279608651776
372489152903643136
647193820812177408
531568534066057217
504771233557147648
551123464640536576
686657138270277634
547807913671405568
357300409292959744
687537772970684417
519935535083565056
553587672137334785
554886875303780352
692024256520179712
528389559441444864
516377014790782977
544301453717041152
751856580874960897
547803254516490240
640182854928961536
693118410444636161
554722567224049664
672433211604013057
569908998717243392
538975342011363328
688021039322894336
634943791934406657
532284831783460864
535315394127728641
613114185505996802
676970570160988160
614610364702044164
730939370765754368
511918957255991296
604642913188872192
723504069814444033
407231591191035904
518665533089406976
356310469390245888
516425769560866817
715254040289021952
676586804242309121
742055437932040193
365497016098369536
693086478667112448
514420223873941504
501785003144273921
779633844680962048
663744139666804736
524949828711620608
531833153145823233
644229386149888001
559863517151784960
427780584979836929
514468018970034176
551117430345711616
692803280238419971
525134787778850818
554655549896159233
693139276708585472
524932056560963584
549599086073368576
614467824313106432
531607884220485632
692127290998784001
516358319317852160
661102820976930816
714851393861881857
693555965019492352
532239131540467712
516423807394131968
514148279601606656
614494170590367744
407290871856369664
558312304753016832
637868242560638980
689214940679409664
407264593027670016
714755546285477888
693068611951300608
653432177632387072
553576010898497536
521769631519092736
528607634099015680
693512850539683842
499683602452717569
693076140278153217
80080680482123777
692842124841123842
514540926640087040
690145844318834689
513437031020916738
692892472729415680
509464457836511232
519530210795216896
687643002240679936
498280126254428160
723521076446142465
691678576018657281
714598641827246081
524942470472548352
514106273852174337
514517470238240768
616686132387028992
436160836524965891
693691456222052352
571052823665704960
521533372280369152
692540218310803456
614599619310407680
692630756548591616
693013768738115584
707604196812591104
531833233143783424
528822281972498432
528242965915779072
387006553124896768
574062768896212992
580320684305416192
687409983139495939
692688891174739968
507454543169617920
692098463262216192
551103664124100608
693802524579618816
663722803489808384
693939356390653952
450341615979069440
690915657106526208
529747368087126019
656880145769197568
691616143161819136
691667941314662400
686421576904916992
407167928313081856
407189015582887936
407253554039386112
767360696761905153
651825062174195712
693107789007339521
489794696013967360
657007736467525632
506656271517622272
692382471061663744
634665777400950784
500347114975944705
427924694663454720
552832817089236992
514081464171102208
515918632178577408
647168914955243520
690042063958732800
693822949456007169
553476880339599360
407182194206322689
661251968078221312
523535962962280448
524263570985340928
532275383430041600
514495841600811009
352075672543428608
689555819059351552
780436430732525569
701872343736520704
669201837187334144
626546123713474560
536808074431184896
629209452793626624
645362146415525888
524925215235911680
524685073979678721
732981604826677249
665361505303584774
563123548857053184
620971220301787136
525039784503541760
626516248206135296
528676615207653376
495365942726381568
544515538383564801
688110059553861634
544391176137089024
650952376954650629
690522824797196288
693080409282846720
542600886653292545
778681502825451520
537355288295518210
550131732805328896
692727606718824448
553508098825261056
693804630615166977
766752508312166402
544278335455776769
724603564946010112
547158281005719552
544271362022338560
692516224245235712
693818562981421056
765612862681255936
766316494695305218
552793679082311680
524959836778536961
693807822971236353
724044187113512960
407244865018155008
506784541696991232
767561970182598657
715264793737879553
685633217160998912
658259426172891136
524925987239120897
407169212428206080
524152657783820288
614594667225571328
665358434351509504
692163879909064704
534303066867367937
687617323235147776
544382892378714113
693091255685787648
688757736310484994
407198255793987584
553115236992290816
538408710084001793
693935557009801218
387010299536355328
636925368927064064
524925730053181440
693629498177253376
489816746405007360
387031585834278912
550038665653542913
692082592380751874
407205235682050048
526757033186697216
662430295254175744
763896522790440960
693041285087756288
693916809125351425
693087220459270144
538851683141304320
688428083540553728
543436472842334209
692031224227958789
727179214546456577
656202544331517952
674314254732931072
693129259334909952
658938136299511808
532602376398462976
273182568298450945
692105324111761408
677099574855639044
576319832800555008
507918114567499776
525024518713397249
495305620342714369
693622130735484929
764158239089029120
531300385248800768
524941132237910016
723511860516016128
525305690257379328
641972184412327937
724939017410727938
648894687542034432
765739657908850688
518870005677826050
693456187036037123
524961908903149568
510921017972514817
525043936331857923
693869818366287872
514039286845698048
500327120770301952
523123779124600833
707305999971921920
407179055763836928
686701278785843200
407213757048160256
520284654755381249
407248574099894272
407184730988097536
693534670428971008
693651239486263296
691600834707247104
778689027918618625
619242759359037440
552848620375261184
524929106987991040
693586539562037248
693355140284334081
547101266313089024
501881262240694272
674263945172119552
553271856786968576
514508854990999553
407234399093022720
504448356584677377
614614133410033664
692736398462300162
532851585408593920
407217865973329920
519868410599993344
693098795022725120
650037735579910145
682629960826224646
654336219447472128
407158558158254081
524924619812511746
723025600810766336
553184482241814530
691410231549530112
386682163862986752
387281927427727360
766822417712963584
687639526282498049
551097831851687938
651018580989972480
663817239896821760
508002575858561024
523562674487975937
544154048950435840
518620083342835712
489887806018183168
690680149164085248
658462819667615744
642432477185867776
613194145423826944
531085761521528834
763520953619918848
510507736287961088
524923676484177920
689860942671130624
693537938425171968
436001434212249600
693136527816331264
534461459938304001
655812191233417216
518866406512025602
693629063932596224
693083689098477568
650710483289419776
504131654810877952
544291804057960448
544319832486064128
506118402466152449
675064077367005184
519078654635409410
692440373449396224
726442550266044416
524983325275197440
651786568592658433
509478961705807872
690296550803636224
755447443009916929
692833140428017664
656361703664451585
693600369281253376
666190716448587776
516394449065496577
536835346932441088
407258075502899200
692497796956561408
501774615837163521
692498490249891842
544358533819420672
334722003057647616
766638613320859648
553164985460068352
614595106906226688
524928119955013632
524312881823637504
626642648179159040
673984270902427650
675193315306905600
643807909856415744
693906624776245249
682996350909157376
525005886272843776
539833716852273152
525077806401994754
551120768164462592
767203096472719364
692946556396244992
687617735833026560
656825206045020160
544512910538838016
544511199702822913
407161635439013888
91728807081426944
387233034350514176
407229989902225408
656830586577883136
618804516578680832
80084555733803009
533811170889568256
567596847330373632
501934077612941312
527272948680622080
767482587879051265
560442390805090307
692735354240114688
489833932813516800
692099058811453440
763738618573623297
531183173443801088
666497286663503872
525019752507658240
652882609219833856
689890946683576322
336913656921083904
504450741126582275
693501482721681408
693032076543655936
693826104633737217
544319274072817664
528976109518721024
524932935137628160
553575232867672064
504652021601800193
689798164287741953
693284114724700160
613294443878305796
517003426832453633
503498696273965056
407209131351629824
544391533240516608
524211911668543488
693086218276474880
693281966846808064
534337548680978432
544939287222165506
672169954016403456
524961721744900097
525032872647065600
544512108885725184
407236151167025152
614604054552018944
615494435074363392
524699123971534848
523026678419714048
500280838710247424
524976963862429697
516345893139001346
524975705206304769
552816020403269632
690106189951139840
553107921081749504
681199637387149313
693925198630821889
407159686786732032
638047610973089793
538760398003253248
265953285247209472
692134022839955456
681767380305985536
560207034545889281
693466724822323200
553960736964476928
692940257134653441
693696168908423168
489872500462190593
524881688825167872
692838430783332357
500394061887709184
620835698514464768
690676539323740161
743126914794037248
524923341359300608
656818921979310081
523098334421319680
407197113286545409
387353560356118528
692082337333534720
574004164570841088
535507913226190849
532255606623989760
692336523090509824
407212665350942720
687274510643511296
612741808125120513
693162950358622208
407184707118309376
501827465032237056
613016993692798977
351767344097398785
692743102432346113
538412662858588160
693443289370882049
318263294098030593
436157173161144321
707308274270539777
539799806039052288
707786906189303808
693185488644149248
551575491430211584
614593386188828672
651321040119963648
692854695262445568
500295393301647360
693658242044542976
529088963420909569
544314234541469696
664000310856310784
691564354567798784
525041127343550464
497073936077959169
561952533942661120
637873886072320001
550284252672450560
674301413040758785
693857080193761285
778299287293816832
674358835675549696
691327238353129472
522684367647559681
500286058664579072
689853056440221696
723915846985342976
659462980476637184
524925600318754816
525301290218553344
407187197427593217
504453071041482753
510286132568150016
691700082601758720
553535829017370625
689549346875031552
356297080169447425
500284699546517505
535484342785830912
615592870540488704
693116426824093696
524947149134774272
665317131597291520
553531413459660800
641191076716417025
534278078105944064
692056985513123840
407164247768977409
693239731031683072
407269894938718208
489796088338341888
372914976102834176
756690088533393409
514072132301910016
516414874348298240
553099685888790528
552806757672964097
553190393370923008
544282005941530624
614594259900080128
525009850104037376
387021726007042051
693087256727388161
489836271049928704
500363126294863876
651402689352351744
537378640653475841
500280422295937024
580325090367315968
549124560793374720
560414522758799361
672219174463275008
532106726539939841
540333359793451008
728631482722308096
521772674155286528
649903655160815616
524979548195024898
524929497205055488
509077805296914432
633949800761700352
544520042810200064
688096910217879554
692332739824095234
693534177694609409
552984502063337472
552661209204260864
536804445678755840
678733118648524800
568075025418317826
650254360727973889
693203974388895744
490080544949276672
767737100347191297
692792765852286977
525025279803424768
690252631822864384
489820657291911168
501474962935648256
521098692326350848
693857551620968448
663385747177775105
532319110458118144
669613420665159680
427652211414274048
544290258951892992
693466451081060353
525291306000846848
572002458647412736
676120162018451456
524947674164760577
693573781730783232
500270780832174080
535579674152148992
544476808566276097
514201362729828352
524941504796962816
525285199530455040
752875379765968897
524952094986350592
553264892799488000
728207861050970112
716461257025581056
692374052082708480
620367840902782976
658065957823324160
676870737932742656
544514564407427072
692063305297453060
693234925252775936
682548344690970624
614494460747997184
524991240270807042
546028163134808064
693824042164436992
665498651742085124
614608936491188225
553501357156876290
524940659778920448
692692529779707904
436157398269849602
524943490887991296
732971411157880832
491200302365040640
741995157969592321
499530130487017472
531530591427391488
435998882250899456
764620072228970496
764906140257837056
336873759271157760
766358933296517121
689833530197671936
693102420688121856
705093513076015104
689661418484994049
667487418388488192
387236601450864641
623818627054206977
539115704285270017
626897206717624320
534763214106820608
530017051025604609
693769968199061504
523943647449198592
767154835993063425
519867098945044480
765863022506151937
524227209976745984
673686233936072704
729647367457230850
692106491365605376
693411834808946688
626770498328895488
690920430287331328
693102023764492288
767859423150759936
693140568143220736
665379967757324288
687631811560763392
427944719612915712
504267796424163328
666810213274689537
489872119158046720
691299810553384960
524981436252950528
654371696195993600
562256876763901953
544457299667202048
521496155310796800
510906049549705216
560187970389819392
691206970074738688
714567472712589312
764497123530375169
407231740764508161
553008832784642048
538010064591028224
563117355254161408
692506143147606016
538847758032310272
436089462326849536
552615631246622721
509464217549021184
692838349036326912
692528931459694592
655432919595548672
407205404075376640
504419526998360064
516361247223058432
489798219283857408
500279189405433858
638050997340893184
693594331735683072
715671763808493569
536849906997415936
516682897864916992
514150992552931328
523545090099523584
673696115305406466
692623941131722752
535148463609356288
650128194209730561
529434230938284032
631388553801564160
688147918113538049
525049639016615937
649881917534433280
510916464631889920
652000523525091328
520265722967375872
566999951449001984
489794593580650497
692491478619262976
