693128224960856064
555003887753494528
365052155385749505
692742353736568833
531183173443801088
692083780123783172
524961908903149568
514540926640087040
692528931459694592
539254751343681536
531900034863091712
516435293235183617
612646796355960832
656818921979310081
514062859987595264
563117355254161408
525068915068923904
693853310479155200
693083689098477568
693465666259656705
723915846985342976
777710439870455808
407262953533353984
510916725953417218
544319274072817664
522692223952228353
663744139666804736
407164597511393280
525008463819464704
356268980211687424
519935535083565056
503714147138166784
692113839387709444
407205235682050048
514106273852174337
527295015643394048
544282227035869184
527286846347567104
616421546702336000
623599854661541888
531525016794697729
672902686380003328
687748306571804672
744390771869102080
693121477491757056
515918632178577408
516313006427602944
693821069879160832
552805488631758849
407176873605865472
691027026552229888
658786161733734400
490136764619948032
524923293711998976
705093513076015104
553461741917863936
692376812022792196
642432477185867776
767462297270968321
692929779696275456
689529955294777344
534461459938304001
724603564946010112
516390549012480001
550279538278543360
549998575330275330
509464457836511232
531531382611513344
779633844680962048
538851683141304320
692812029611089920
552811386259386370
693502060545703937
553590835850514433
693906624776245249
690106189951139840
407162181059612672
553221600955621376
687734662249246724
525024181218725888
693162950358622208
693185488644149248
707310135291416576
500394061887709184
544352727971954690
693855615618322432
761573188543229952
692368829368918017
693086478667112448
650710483289419776
524757333608394752
672632899921833984
525049639016615937
611039775856812032
535252460148113409
614599815280857088
687617323235147776
727172374999666688
550003619303788545
407217471473451008
692423131726749697
689833530197671936
755447443009916929
689103487880310785
553506608203169792
536835346932441088
690920430287331328
538374385665449985
532106726539939841
692453106622275585
692046121250586624
693818562981421056
376874273601630208
519530210795216896
693631772639145984
500377145349521411
675193315306905600
525041127343550464
427944719612915712
524320261667950592
507257950868885504
517051126466625536
693844030589902848
531498841158082562
651402689352351744
550175324634619904
693315824132685824
727179214546456577
765863022506151937
600451916414484480
524948703850029056
524943490887991296
674014933235859456
692024256520179712
714598641827246081
675064077367005184
743126914794037248
519311120914722816
727834854931435522
547514662695469057
514495841600811009
692491478619262976
352075672543428608
504433135036407808
682916727282270208
436215971272212480
723521076446142465
540643709465812992
674080899055546368
666640008149925893
510916464631889920
767459987476054016
504453071041482753
553501357156876290
715515982584881152
386998038004113409
693185853867294721
668849913678209024
489802446001434625
407174474207731712
544512676643500033
766719302401613825
524931324763992064
407182194206322689
693840291992838147
693141729529184256
656523458139045889
523581212175392768
524932056560963584
500341884678836224
656202544331517952
524941041301225472
552848620375261184
651858133304782848
490080544949276672
691299810553384960
626516248206135296
407262869152358400
693071538896162816
692842124841123842
522553662996901888
689650617464311813
514395350615203841
552834961762709505
407197113286545409
552793679082311680
524925124303396864
699252269414354944
505611045897924608
366025766183514112
693485676881403905
690296550803636224
692736398462300162
693118410444636161
372914976102834176
537976883150077952
692924229017309184
757450526153900032
693456187036037123
692440373449396224
692792765852286977
536540403109879809
665358434351509504
656870311057575936
757190314880884736
521444489697583104
614638036593299456
532007252677656576
519447199164665856
727116900983934976
689208632148365314
748558349139058688
614610102927147008
671181758692507648
532281981795848192
528562608463704064
674263945172119552
714577521992343552
692927739066740741
756690088533393409
693013768738115584
665317131597291520
500290456845299714
693456340790804480
701514249269542912
614601139422633984
692004901455556608
514483762566922240
319166636902998016
691006265137299456
653250169752977408
689799953330368513
765141361033109504
407213772328022016
672488384695279616
693586539562037248
524958128392376320
544314234541469696
672102358516670465
519704006826807296
693481256735150082
531129816389779456
522815405451407360
693102023764492288
514429381737852929
693802524579618816
516727880571572225
500377906305327104
692157602554343424
693857080193761285
265953285247209472
531131094276382720
532276693931945984
551128385850601472
386682163862986752
499530130487017472
521769631519092736
614610364702044164
767515401831997440
510918747188514816
524951893467234304
641082932740947972
553016500492439552
532246457609244672
553190393370923008
767092161716350980
693071700200722433
514098833253748736
568589712644026368
557621135320178688
427846006600777729
505369323922522113
514100169307348992
407212665350942720
690042063958732800
693843042546106369
691889802724118532
622891631293935616
614604054552018944
565999191982616577
686666933949837312
725983128444129280
761355585724055553
745236050407194624
517416417164263424
532602376398462976
765739657908850688
524937542131793920
551097831851687938
536504515843727361
407279190913069056
692497796956561408
524987184836005889
724044187113512960
532851585408593920
516539137646542848
662430295254175744
763738618573623297
691285663522648065
504244627680272384
778689027918618625
693060960001597440
510931521306243072
524923341359300608
500298752469770240
436089462326849536
638050997340893184
520338188213444608
544274934835707905
778681502825451520
539799806039052288
580325090367315968
688502260779843587
407244865018155008
551123464640536576
538133250066366464
550284252672450560
672927317191229440
537484793882361856
538412662858588160
706933939953344514
724348906096590849
693501482721681408
521790189715615744
618449248179191808
765735409984806912
505657661120348163
507242819623587841
687631811560763392
692826642583019521
495305620342714369
767520433247809536
656834590779289600
681147789653356544
682999206290829312
520132836594970625
524925730053181440
687639526282498049
692838349036326912
568075025418317826
504450741126582275
500303431928922113
614626710248534016
693934062445187072
514106939173634048
691791477912014850
767803368081358848
627828211003469825
765631087867367426
407193347279699968
506118402466152449
524988712367955970
693041285087756288
692780496590254081
520244836084228096
525411618231169025
686493272806576128
535257207991205888
544381485591982083
531287426858487808
524950264303075328
658755852199927808
692031514943582208
693555965019492352
614617234942656512
407167928313081856
531493734358061056
524185876931162112
692932696645865472
489796998615547904
528341588867416064
547807913671405568
692820029159653377
751856580874960897
760928376668454912
531108688749404160
518981379963777025
693171092555431936
523820806917603328
407188779255222273
693651239486263296
407236151167025152
727588444000526336
407253198395555840
732971411157880832
714598318333042688
521835345059389440
628319096606732290
553115168084074497
510906049549705216
500308076004929537
489874311143260160
407182466613792768
544457299667202048
552810448324943872
672906198434209792
523558773345255424
692701223326056449
489968646014246912
516411927506206721
693534670428971008
764473554431725568
500294803402137600
715254040289021952
688004802245214208
767129248045948929
387007120689737729
676367888543031296
504131150429061121
524923462398513152
552791578893619200
766568413418356736
692374052082708480
407205009676587009
693198912660885505
538218607822770176
688110059553861634
693512850539683842
685232704774787072
693824042164436992
531565935128498176
626901072209121282
553587013409325058
759653274605740032
716092408920936448
544513524438155264
636925368927064064
547509900130021377
544283772569788416
562256876763901953
678733118648524800
535474881090322432
691789524498845699
716461257025581056
427780584979836929
554979642210549760
514150992552931328
455525437351800832
525023025792835585
707305999971921920
571052823665704960
692734579141185536
693643778033344512
652882609219833856
552112474913136641
778572032531427332
692217618778972161
612741808125120513
524927281048080385
691410231549530112
716448280201269248
642145732435292160
450341615979069440
536826622725218304
707405809181917184
522534012544638976
691608761128067072
516425769560866817
538010064591028224
690680310061756416
693594331735683072
688441130271289350
506784541696991232
644329878876237824
544306719686656000
530943279161155584
640107106943766528
514072132301910016
553960736964476928
560873850846846978
693086218276474880
767094580634202112
693129259334909952
524930671220105216
534543768653807618
515598200796090369
693080409282846720
489800427152879616
524979548195024898
516636338679197697
727982226290442240
427666815842414592
500279189405433858
407156621450571777
532275347413544961
504243239084236800
692735354240114688
509114008587100160
507454543169617920
689100941119848449
544271362022338560
407211258304552960
538861627018579968
508002575858561024
427762638274437120
683731779342188545
690137637810761728
614604580601597953
510908595144519680
522453569702989824
761381302260031489
544391176137089024
553169307824177152
544514570367168512
615689290706595840
407161635439013888
553164985460068352
529747368087126019
521882110789824512
693281966846808064
525032872647065600
529088963420909569
692113799546048513
674713782778654721
633961125126668288
644229386149888001
767463109778894848
407177474788057088
692391757775028228
531973383198887936
544329935943237632
693662456393134080
692082861525078017
767203096472719364
650128194209730561
524144369235140608
614618682543616000
693135382309896192
510922415468449792
687673284436082689
501760566160289794
489794593580650497
655432919595548672
407170443443859456
731166399389962242
723504069814444033
516395112201736192
690522824797196288
500378223977721856
692840850141753347
500327106824245249
692892472729415680
662381914842603520
688755462783782912
686527768327274497
693869818366287872
767154835993063425
614607711368519680
516420964834611201
647464349611589632
652300118205427716
767668607803359234
348209998565879810
553534838880608256
407179055763836928
688932211714818048
693059995013742592
691064699853606913
536871550184869888
763964234774347776
692818857187213313
554886875303780352
724703995147751424
778530869208190976
693125234317086720
427725166127226881
614594259900080128
524940659778920448
539052152602107904
504448356584677377
551106793959862272
614702244001382400
576513463738109954
348204426659508226
521770744855134208
553115236992290816
407163499723624449
544289941996326912
524965775036387329
551103664124100608
707604196812591104
693321561542127616
693492349142433792
513749585391390720
387006700609228801
519965814175567872
692946556396244992
407292452060815360
653285570383335424
647193820812177408
650254360727973889
615840865815298048
536105045545472000
692082592380751874
656047932093763584
436146437530075136
675434959939756032
407275991610818560
524983325275197440
614790312955904000
524926472432410625
693136527816331264
549964632883232768
728631482722308096
560133068670140417
692692529779707904
538847758032310272
542320823915536384
524312881823637504
666190716448587776
649974380416618496
663385747177775105
665364878287224834
533734824905670656
500354773133299713
656595123590012928
693811101146963968
551106923601219585
691678576018657281
538256153080127489
688763099298529280
543586319168196608
532284428542681088
531161914689482752
657007736467525632
351767344097398785
728627623488786433
643807909856415744
653432261203750912
764368020391223296
504771233557147648
365276206381268995
756282236375277568
559787890402541568
614620298877513729
544939287222165506
716451800581279744
516705572373397504
524965786059026432
544271284796784640
658259426172891136
524950339074523137
656880145769197568
692735698349199360
524211911668543488
387281927427727360
692753210692476928
693476901772513280
747275598347837440
525305690257379328
757748522481491968
525327108520673281
766358933296517121
549975297160802304
524959809402331137
640182854928961536
407169885345943552
551159366876147714
732981604826677249
525711899359318016
767859423150759936
692874200927698945
516371936604352513
517850508380618752
563123548857053184
693857551620968448
495366618818830336
407187197427593217
692127290998784001
407164247768977409
500281094239817728
666810213274689537
651809229842608128
715253497462145024
524932935137628160
552792544132997121
499683602452717569
547525843749470208
553579224402235393
557885928417816576
552792913910833152
537377960471166976
693181857261719553
500363740311982081
336913656921083904
531607884220485632
544518335019229184
547158281005719552
749286768554438658
688147918113538049
693402634011701248
554655549896159233
614593386188828672
525134787778850818
509031495101874176
691600834707247104
691995324752252930
531676808836833280
693827886021767169
676586804242309121
536738726693847041
514057033419849728
725174535897620481
369506008172740608
504267796424163328
778949749156245504
491200302365040640
572002458647412736
544154048950435840
524966904885428226
693595814401327104
533811170889568256
643103859729166337
652992524504600576
549599086073368576
407184730988097536
553470492565602305
693265096278163456
553589051044151296
500279160795721728
764497123530375169
693648684857323521
767814876433571840
672432930426372096
693893182338289664
693126696132804608
692142338890661888
755439197125767169
693718533239365633
766715993385267201
767754921403899906
663925546812837888
527138218505175040
675043569367982081
519178213441167360
531606992788287489
673615400655970304
527272948680622080
531634492528939008
691351064868732928
532319110458118144
674301413040758785
614624331717545984
553548567420628992
522321383716818944
767355611277168642
523555724807262208
690954487322796032
500371149713178625
760109079133990912
500307001629745152
510921017972514817
727187859367546880
544399927045283840
489833932813516800
743764020679741440
613404935003217920
691809004356501505
689555819059351552
693795905049329664
524961721744900097
723772395211862016
536827853669941248
532199717594497024
513437031020916738
689549346875031552
676120162018451456
651018580989972480
529857740059860992
677099574855639044
650975967146602496
690174644071047168
688437279405305856
733242244522725376
693670046497935361
764158239089029120
693528374996652032
707412869860696064
552984502063337472
528240834660298753
514550436377137152
524947149134774272
674364257799004160
521727831307722753
407209131351629824
518620083342835712
500347114975944705
649985459389661184
628336948810268673
661229627734667264
688814621034213376
524967711492014080
501474962935648256
377519445578895360
524949828711620608
524928119955013632
666633171325353989
763896522790440960
665379967757324288
387050178932654080
693122199536934912
613425834301485056
613114185505996802
506656271517622272
513779458340569088
521777301470871553
594687353937100801
689722724470620161
767768054163996672
692765809425408000
553549686129561600
365056836476481537
689661418484994049
356437941641416705
534278078105944064
528312406498635777
715255507506892800
568905632998412288
553467311261503488
514109888138842113
689236842454106113
692516224245235712
538193964479045633
767715524222578688
553575232867672064
689853056440221696
503609826128044032
515717938025078784
724624672604610562
656825206045020160
714531423273746432
612841482823729152
553061846081896449
544328894812549121
683158807959089152
693897857376632832
500286058664579072
691380138710306816
553212962044149761
690680149164085248
691564354567798784
693729678306189313
687766167558164481
672553813249826816
489836441120145408
387009577763360768
661184793342775296
673984270902427650
693686290408181760
518924377791164420
551099691702956032
544268732046913536
407185422523977728
745365403237376000
690670464440504320
688763993633107968
491241885399539712
688752484966363136
673664899571060736
637873886072320001
534337548680978432
544374511194632192
517712193841037312
692702295281262593
407198255793987584
766299560415223808
613023744454475776
645711628046995462
697992796565741569
614614133410033664
524929796862918656
742678930516123650
688520025754304512
692336523090509824
535148463609356288
612438528803213312
407233172380733441
524941504796962816
499679379820412928
534763214106820608
628604055644934144
553098571323437056
552791196247269378
504652021601800193
714755546285477888
516729950091493376
676870737932742656
614599619310407680
524925033626738688
692727606718824448
707300612862566400
501785003144273921
509464271118688257
724661834419048448
407176055657484289
553590459688570880
693123067204243456
509478961705807872
692540218310803456
552806757672964097
693571567377342466
336873759271157760
500284699546517505
552783667052167168
658065957823324160
693203974388895744
672539897899577344
500378522788315137
692630756548591616
742114513726623744
504131654810877952
614467824313106432
693804630615166977
507557659206516736
517053056211357696
765359928361922560
691986377584549888
553544252563935234
387236601450864641
727623131494387714
532231906364911616
549124560793374720
693140568143220736
691616143161819136
531833153145823233
674358835675549696
525408908484280321
553186555150749696
642465192408940544
523655026485366784
516321020815228929
641972184412327937
672513234419638273
650046859537448960
651321040119963648
519921456730607616
500363126294863876
561952533942661120
554343513887105024
757367391202471937
501881262240694272
714503380476026880
767698691205410816
534303066867367937
669259395902152704
489865454312099840
780436430732525569
692623941131722752
524593547807178753
703234354579898368
532284831783460864
766541461189832704
654351281260113920
672433211604013057
387041762331471872
535579674152148992
667073349974102017
504830161993609216
514308277803294721
524926235030589440
568580363339091968
558312304753016832
654371696195993600
537006518118273025
531733274968989696
553587672137334785
91728807081426944
522443333831262208
693546915892428800
613061089518034944
580324027715063808
553558982476828674
614628865353351168
490141776984825856
693524179597955072
544391533240516608
387021726007042051
659462980476637184
489816746405007360
693214543615561729
428366153149194240
407205404075376640
693935557009801218
693200309955469312
525024066152169473
531085761521528834
674187250792558592
693549273468764160
500280422295937024
767218194385866752
504500863944376321
531300385248800768
522684367647559681
692745861978263552
427924694663454720
407232661107642368
536808074431184896
747443219487678464
489829414704648192
551135925862805504
688819658057740290
692748204064927745
504106473467944960
614494460747997184
616686132387028992
688757736310484994
531833233143783424
644321231618076673
687911282922631168
553476880339599360
387006553124896768
524934138563133440
516978780171436032
692410832307818497
544277117039837184
537355288295518210
693204483501887488
693822949456007169
666335363099660288
767861179951648768
501934077612941312
688366079396163584
767330549262278658
693537938425171968
764931593303646208
531206167302012929
500389488217309184
523888836456108032
496698590153416704
761999790892806144
692940257134653441
775672628493357057
690969315470868480
765887221736046592
523562674487975937
676955015265837056
655812191233417216
730939370765754368
656361703664451585
509464217549021184
567765185407234049
616765822095261700
535474861616148480
693803472806760448
684488313512800256
658938136299511808
516856061182345216
693658242044542976
767482587879051265
562093717201616896
552816020403269632
604354747357859842
525040836757958657
536915851233202176
693554344298467328
535315394127728641
553184482241814530
656662726014599168
692747901815119872
524176293450223616
553271856786968576
652783670370115585
766822417712963584
693082547664883712
552802654641225728
523123779124600833
553512735192141826
651959206287908868
693830499047989248
641666167992647681
538729383662338049
524586367456919552
727966590084485120
539833716852273152
516345893139001346
614595106906226688
524976980799000578
544491151118860289
693284114724700160
727854332188577792
376982539132366848
500281131057811456
489820657291911168
665498651742085124
693160939802214400
500278294055768064
693079616072880128
553008832784642048
529434230938284032
532928419051622400
544269749405097984
723198441690636288
527131140721623040
763520953619918848
427689948398231552
676718762830221312
675005503160901632
544698560655400961
765779159176077312
580348081100734464
667465205258051584
693807822971236353
655815788675399680
525088864416043008
693068611951300608
761675705956655109
518866406512025602
687984820815851521
445495350171013120
527947775905103872
766316494695305218
535484342785830912
665361505303584774
552146635707666433
545271117355958272
688461902821855232
693344498953383936
495365942726381568
528357165677817856
524970097711267841
629503919098429440
524942470472548352
544301453717041152
722885778448121857
407290084593913856
692023417575448576
489854703321509888
538137715293061120
649881917534433280
693466724822323200
692925163994796033
544382892378714113
693648675772436480
674015148382666752
538346377794031618
686422922894815233
552821069036670976
689267711856263168
755523157700648960
693441093048766464
532197572698320896
516414874348298240
692134022839955456
692566765822435328
692691444046372865
726043971911213057
521098692326350848
707786906189303808
407197672702214144
547587399728267264
640644123339431936
514517213022543872
524933380929245184
620367840902782976
500270780832174080
560187970389819392
693939356390653952
764505291853627392
714560810266132480
728101712762834944
684118654418419712
532203605236154368
705092738224525312
528389559441444864
544567299102244864
693523133920342016
729647367457230850
648993731169939456
550131732805328896
524980744658382848
544380742076088320
751536167183613952
780882510645370880
693676692309700609
752965545528528898
514420223873941504
358591089462099968
560474897013415936
614494170590367744
504387128013246465
723025600810766336
509463916586762241
693858804279201794
407191144880439298
666051332504207360
517034091028676608
723511860516016128
672424512516964352
691719802499432448
648894687542034432
521821037726797824
692707593991643136
655080266784968705
693216311502073856
765859710503378944
524925987239120897
763524712853102596
693443289370882049
604642913188872192
673696115305406466
693921710383337472
509077805296914432
407229989902225408
553103772852191233
407290871856369664
677950378785271808
514478918636535808
514451906211893248
532297096356167680
566999951449001984
614593989203886080
562090534945431552
544289311504355328
334722003057647616
614616994499788800
614671961801785344
536547921542791170
681824512120324096
676067381299576832
407258075502899200
525029684095221760
693411834808946688
651786568592658433
748543642323783681
528237933661544448
615494435074363392
614650850393391104
689890946683576322
516545908813475841
640118021101604864
692816955837804544
693056396250652672
500288349924782080
641665203046907904
692105324111761408
550038665653542913
531524882325311488
524998384357486592
614615157730357248
553588178687655936
534364937939062784
528822281972498432
531659884430106624
613393657161510913
716457799392342018
536991428694376448
672632863452299264
688021039322894336
553040930144792576
525033697045925888
665575674485211136
514535408126795776
663515735231062016
767223774072676354
692099058811453440
364383457545162754
407173794583695360
731093044460683264
778299287293816832
407234399093022720
552457656666185728
692472216135569409
524969201102901248
510507736287961088
528976109518721024
726086935903494144
678277910537588737
652982112870662144
693240976970752004
489902412900343809
767710245779103744
524924619812511746
707308274270539777
326137285450018817
524944881941495809
523545090099523584
553505242554175489
693573781730783232
524935769614331904
693076140278153217
693239731031683072
552677176873455616
670380354822348801
357300409292959744
507263441359613953
522468118082633729
523026678419714048
692748411481780224
516423807394131968
693032076543655936
701175292937707520
728013148788154368
524976963862429697
767360696761905153
514148279601606656
693234925252775936
668144671772778497
614594195479752704
526459255147491328
553535829017370625
693600369281253376
661120256732041216
524152657783820288
544324444773433348
693605375803813889
554722567224049664
715256242990505984
691700082601758720
715268937873760256
614891047886434304
766452700049473536
500381163866062848
560163341524807680
498280126254428160
521922785254580225
544278985249550337
553587303172833280
531193369465470976
560207034545889281
525056576038518785
711994705333112832
692290126282649601
742050150307246080
767807335691653120
767300637012951040
693722259740069889
500295393301647360
516361247223058432
692047663211085825
553566026030272512
537913349338435584
503610065769598976
622858454949040128
693466451081060353
504419526998360064
692758581494599681
687945926774800385
576319832800555008
574004164570841088
692752491482615808
659439879701602304
693673606279229440
723644048867774464
692925396292091905
553586897168392192
673611867181473792
523123023646175233
614605997953404929
514512849876836352
669201837187334144
504109775358287872
509463933564891137
387309869080281088
614645853291155457
524263570985340928
641191076716417025
499366666300846081
762775964224847872
673346166822694914
604625816992002049
407158558158254081
767710042816602112
531530591427391488
661251968078221312
764573523713011713
524289058290159616
659428447459110912
635632641635667968
544523550519218176
547101266313089024
686421576904916992
525024518713397249
618805892222468096
524941132237910016
516804849619705859
489975398151618560
614599587362414592
682548344690970624
691632933170450435
692746621218656258
766752508312166402
514555852351479808
692550140754841603
748640007934590976
500319801344929795
666107476526432256
562387516964491265
544511199702822913
495583434954514432
614608936491188225
504478567062056962
550095745161134080
556541489388724224
524962142563610625
514081464171102208
515519742355185664
501827465032237056
544512108885725184
693492159635443714
532239131540467712
407191058108256257
676970570160988160
500258409988763649
633949800761700352
552661209204260864
693102420688121856
435998882250899456
489970164469751808
767355933919997952
688096910217879554
692023855926374400
273278761909239808
626770498328895488
693916809125351425
762793077509464064
504304227246538752
366205297557110784
692163879909064704
535282587325833216
364589696573124609
689938201193115648
640967537178472448
649889459836710912
615592870540488704
544517264054423552
693533469922693120
693899062098137088
523939598691741696
407267881131732992
547670441754914816
544512910538838016
521663202183348224
525043936331857923
553531413459660800
690676539323740161
641088973717110784
543436472842334209
693618217667928068
692803280238419971
626642648179159040
544305540286148609
516434071631974400
407167258452971520
634665777400950784
692451275930234880
672169954016403456
510286132568150016
707321278135463936
693119705469587456
693806234026188801
524929106987991040
532275383430041600
621025025806577664
666497286663503872
80080680482123777
544333764814323713
525116411887513602
682629960826224646
516358319317852160
531526274003771392
532208816692416512
618192748735299584
357299879070023680
518192429153783808
407231740764508161
693792605755285504
524181699043663872
690145844318834689
693107789007339521
673872171341447169
707332312724283392
534678919656775680
674314254732931072
692745208421679104
724320681517670400
629209452793626624
387237225286479872
692287441168900097
524227209976745984
427690961280696320
525005886272843776
538760398003253248
766638613320859648
638047610973089793
365497016098369536
387030572779847680
724939017410727938
519112613800972288
692134721195786240
519078654635409410
693573042111270912
407192370040803329
523863683928457216
714998347111669760
693629063932596224
693509689418588160
669613420665159680
633397936563560449
521496155310796800
436001434212249600
686701278785843200
499612545909415938
544287209730236416
489974591985840128
356310469390245888
643139873264812032
507634536176300032
688751183645782016
534205316620382208
651486105628463105
524950507023245313
661222523275636736
544514564407427072
613362193787129860
693691456222052352
690985215691354112
692881863644282880
570341828479725570
489798752438583297
407159686786732032
672828403016429568
689694470779097088
524925050739490816
542600886653292545
764753085675761664
647168914955243520
693457310824468480
501774251901198336
514517470238240768
532276370953752576
760120409429643266
661870323034431489
741995157969592321
633823543541768192
758825535480864769
691206970074738688
692098463262216192
407192027714322432
521772674155286528
544504183341064192
524959836778536961
692063305297453060
524929497205055488
688428083540553728
693769968199061504
693912520923295745
500280838710247424
553228463998783488
613016993692798977
714567472712589312
692014905239666688
692071267189395457
693204708933160960
766299795833102336
691380348379201536
538166788484509696
552832817089236992
689641419825242112
544289409294553088
614610920782888960
693131575261659137
613194145423826944
685473149291479040
692854695262445568
525028734991343617
524685073979678721
524972443308683264
544520273718812672
407254590363426816
690926324903317504
524958992330522624
500327120770301952
525040767317082113
692082337333534720
723365789378584578
693925198630821889
560414522758799361
407209892013821952
648310692794109952
686657138270277634
691976624665919488
427652211414274048
693641113693884416
690915657106526208
517038566061658114
614595181845839873
509473920060104704
723477822950395904
534445263528947712
516682897864916992
767170849472405508
554597409351671808
518870005677826050
730516765525082112
513015596879867904
707420972173955072
552785375161499649
690431187916099584
489812926828924928
692537942439501824
660466342038867969
407184707118309376
651825062174195712
553508098825261056
693804277031157761
520630231531802624
504441156575297536
539813330983354368
524977992683237376
518665533089406976
674301960787505153
544476808566276097
668872645589471232
742571519105077248
524317344730869760
693560600471863296
295152287901417472
559863517151784960
538724882461097986
728273551883534336
653432177632387072
692031224227958789
527308173112139776
544291965513134080
663817239896821760
525025279803424768
693826104633737217
524191650420367360
647169726158925824
524922729485848576
553576010898497536
489872500462190593
273182568298450945
692665281362202624
531568534066057217
561280944045576192
372901260183494656
524206851450486785
715264793737879553
749039299677417472
728625967921401856
667487418388488192
511330322831507456
387233034350514176
620916279608651776
692884886374318081
515538937058971648
665302351742275584
766307327922335745
682895395077373952
532259028152246272
526757033186697216
489798752358916096
507354546041925632
701975210044497921
692506143147606016
554688527435563008
407209222850756608
693629498177253376
766323684076322816
693122701569974273
543443188934250496
538408710084001793
524975705206304769
500413818368184321
525300042207612928
645362146415525888
682996350909157376
356297080169447425
761027420849745920
525025463648137216
689798164287741953
764653644138450945
544290258951892992
525058976376193024
525009850104037376
525285199530455040
652000523525091328
514067907475959808
692845716826300418
649584608560832513
520299904934371328
524168442841010176
634404792241143809
544350712365207552
546028163134808064
553160652567498752
656955120626880512
693139276708585472
667534186450825216
436074888638763008
767823175480647681
691327238353129472
540333359793451008
521789009576476673
524993533212897281
681199637387149313
650952376954650629
725070832494624769
427831952826449920
692382471061663744
664000310856310784
538975342011363328
519375764165509121
553503184174710784
692922211338981377
501768276523761666
552792802309181440
532559937269166080
295944137948151809
693853982293254144
