551106923601219585
692709993573789701
693107789007339521
604625816992002049
669259395902152704
522684367647559681
763520953619918848
527295015643394048
295152287901417472
356437941641416705
767154835993063425
427662266993889280
516682897864916992
693769968199061504
525041127343550464
529747368087126019
693912520923295745
693873151659249669
693281966846808064
524977992683237376
544512108885725184
538729383662338049
544271362022338560
692376812022792196
727116900983934976
692758581494599681
690680149164085248
691667941314662400
407211258304552960
500281131057811456
516386101766782976
744390771869102080
693673606279229440
672219174463275008
733242244522725376
614054616154550273
407191144880439298
524928878075457536
641430951403343872
689938201193115648
742050150307246080
427666815842414592
693315824132685824
672902686380003328
691027026552229888
693136527816331264
553115236992290816
672513234419638273
614628865353351168
693091255685787648
524944881941495809
550038665653542913
676491949524713473
692082337333534720
511330322831507456
692098463262216192
727172374999666688
547803254516490240
516345893139001346
525305690257379328
387041762331471872
553535829017370625
524685073979678721
553221600955621376
552112474913136641
522453569702989824
749286768554438658
528240834660298753
407262869152358400
693272659447119873
668872645589471232
687786822475366401
743126914794037248
681824512120324096
692290126282649601
648310692794109952
348209998565879810
692105324111761408
528242965915779072
516727880571572225
544512676643500033
693629498177253376
690042063958732800
576829262927413248
725983128444129280
523939598691741696
482880640560271361
652300118205427716
701872343736520704
693537938425171968
500258409988763649
535257207991205888
761573188543229952
656047932093763584
729647367457230850
553107921081749504
537377960471166976
553543369604210689
614671961801785344
543586319168196608
649903655160815616
532602376398462976
692838430783332357
489872119158046720
766719302401613825
516313006427602944
692747901815119872
407169212428206080
555003887753494528
615689290706595840
489865454312099840
693802524579618816
523863683928457216
499366666300846081
656870311057575936
553228463998783488
524929497205055488
661299012386095105
552615631246622721
767482587879051265
692357775859564544
524923676484177920
504387128013246465
693452449173086210
365276206381268995
553461741917863936
514150992552931328
692368829368918017
615592870540488704
528357165677817856
524925215235911680
553590459688570880
686421576904916992
525033697045925888
672102358516670465
660466342038867969
693457310824468480
668144671772778497
661222523275636736
693803472806760448
560163341524807680
532197572698320896
543443188934250496
553590835850514433
436146437530075136
690650123358093312
687734662249246724
514142113601437696
693844030589902848
535148463609356288
407176055657484289
722885778448121857
517712193841037312
693355140284334081
524289058290159616
687674548712505346
407163499723624449
622858454949040128
489794593580650497
387021726007042051
531531382611513344
755548076438196225
509084603617792001
693171092555431936
532199717594497024
553264892799488000
693523133920342016
693466451081060353
714531423273746432
692453106622275585
524965786059026432
567596847330373632
553566026030272512
614604054552018944
767709416879644672
726190016435728385
489798219283857408
489836271049928704
626898253900943360
692753210692476928
693711272014155776
640644123339431936
533734824905670656
658259426172891136
516475930097643520
527286846347567104
657007736467525632
687673284436082689
641972184412327937
524970851675176960
740791134146965504
612646796355960832
693086478667112448
531498841158082562
692031224227958789
692780496590254081
489796088338341888
518981379963777025
524168442841010176
688763099298529280
551117430345711616
656818921979310081
531648145613398016
616421546702336000
553016500492439552
674301413040758785
531606992788287489
436160836524965891
553474188259102720
692134022839955456
666497286663503872
778949749156245504
693098795022725120
613404935003217920
509464217549021184
767094580634202112
626770498328895488
779633844680962048
518620083342835712
663515735231062016
685633217160998912
692745861978263552
649881917534433280
528389559441444864
514555852351479808
692497796956561408
489841070818488320
723477822950395904
748543642323783681
650254360727973889
674314254732931072
638047610973089793
715255507506892800
716092408920936448
693116426824093696
766316494695305218
550131732805328896
542860306603868160
495583434954514432
614595106906226688
377519445578895360
516435293235183617
693160939802214400
677950378785271808
614620298877513729
532297096356167680
500295393301647360
556541489388724224
654371696195993600
651858133304782848
435998882250899456
500363126294863876
552792802309181440
580324027715063808
701514249269542912
668849913678209024
566999951449001984
714598641827246081
693605375803813889
552783667052167168
525088864416043008
501760566160289794
495365942726381568
553587013409325058
693185853867294721
524925124303396864
692691444046372865
749039299677417472
692336523090509824
693141729529184256
524930671220105216
767855091109863424
620835698514464768
536991428694376448
504771233557147648
689529955294777344
692391757775028228
509466295344304129
407182466613792768
614593386188828672
656595123590012928
672632899921833984
544367462012432384
524951893467234304
692451275930234880
366205297557110784
553587672137334785
688027085730897921
531287426858487808
532259028152246272
407205404075376640
407179055763836928
523581212175392768
692748411481780224
690920430287331328
510286132568150016
407162181059612672
552816020403269632
690985215691354112
407198255793987584
500413818368184321
693926742814281729
692463948076093440
553212962044149761
528312406498635777
547525843749470208
693476901772513280
613016993692798977
780436430732525569
693804630615166977
693119705469587456
691064699853606913
693811101146963968
380140114552188928
549964632883232768
553040930144792576
683158807959089152
693240976970752004
766323684076322816
665317131597291520
358591089462099968
553164985460068352
407184730988097536
716424773216022530
653285570383335424
693546915892428800
692491478619262976
527162170531151872
524958992330522624
547587399728267264
707300612862566400
525023025792835585
692735354240114688
516539137646542848
614467824313106432
544352727971954690
544306719686656000
520630231531802624
551159366876147714
690296550803636224
525005886272843776
524976963862429697
525300042207612928
647464349611589632
510916647373516800
500278045597368320
348203818741272576
614610102927147008
665361505303584774
554343513887105024
693239731031683072
571052823665704960
544491151118860289
693140568143220736
524941504796962816
559863517151784960
407237676350185475
663904307113275392
716416753409081344
551106793959862272
664000310856310784
688751061503442944
528495998537334785
524952883343925249
524991240270807042
614605997953404929
723511860516016128
524206851450486785
407236151167025152
692734579141185536
531676808836833280
690680310061756416
514308277803294721
707332312724283392
688281442162352128
616686132387028992
524925730053181440
692393375891361794
524993533212897281
554958414905094144
535474861616148480
767463109778894848
544518335019229184
672180526946656256
641082932740947972
523126268603031552
652882609219833856
691564354567798784
507918114567499776
504106473467944960
552792913910833152
387050178932654080
501474962935648256
470025166760980483
614608936491188225
658938136299511808
407163869673443328
693476774462820352
676718762830221312
536540403109879809
515717938025078784
767515401831997440
553501357156876290
538166788484509696
500394061887709184
489968646014246912
499679379820412928
693935557009801218
634404792241143809
554979642210549760
530943279161155584
560207034545889281
552677176873455616
690252631822864384
693573781730783232
756282236375277568
692031514943582208
654351281260113920
544517264054423552
407192027714322432
538374385665449985
693265096278163456
727982226290442240
551099691702956032
745365403237376000
517003426832453633
532106726539939841
764906140257837056
689661418484994049
692665281362202624
755523157700648960
504267796424163328
265953285247209472
557621135320178688
677099574855639044
667487418388488192
693123067204243456
519078654635409410
514098803347951616
524936872666353664
693200309955469312
552792544132997121
516377014790782977
766752508312166402
407176873605865472
524924619812511746
561280944045576192
724939017410727938
490141776984825856
727588444000526336
674014933235859456
672539897899577344
514106273852174337
723521076446142465
531530591427391488
692071267189395457
689860942671130624
614790312955904000
742012307694223361
687630364936957952
544457299667202048
553160652567498752
692752491482615808
553534838880608256
692440373449396224
523820806917603328
522553662996901888
688751183645782016
549124560793374720
643139873264812032
563117355254161408
693830499047989248
489802446001434625
728013148788154368
628681462976528384
767355611277168642
524646141938647043
724320681517670400
701975210044497921
691616143161819136
651321040119963648
550279538278543360
524976526891417600
692820029159653377
761027420849745920
728273551883534336
756690088533393409
525291306000846848
697992796565741569
757748522481491968
534543768653807618
532851585408593920
455525437351800832
427780584979836929
691889802724118532
762775964224847872
767845555313774593
637868242560638980
693662456393134080
692364468442021889
534303066867367937
658755852199927808
544301453717041152
544520273718812672
558312304753016832
688520025754304512
436089462326849536
407264593027670016
641665203046907904
550284252672450560
656848877463560192
568571403756294144
520132836594970625
692142338890661888
500378223977721856
517850508380618752
693135382309896192
676367888543031296
693083689098477568
692623941131722752
513922322915282945
544268732046913536
693899062098137088
693284114724700160
525301290218553344
767218194385866752
687984820815851521
726043971911213057
728627623488786433
692838349036326912
643225207705075716
703234354579898368
637382230394822656
524962142563610625
674187250792558592
568568737621630977
407205235682050048
693487871806689280
525134787778850818
519929168864497664
552793679082311680
518924377791164420
407167928313081856
525077806401994754
560133068670140417
521789009576476673
508002575858561024
507261372313640961
715671763808493569
656955120626880512
516705572373397504
652783670370115585
520338188213444608
693629063932596224
652000523525091328
518866406512025602
690676539323740161
765934198297362432
767807335691653120
705092738224525312
662381914842603520
614595181845839873
552791196247269378
516545908813475841
693214543615561729
524995771587108864
689694470779097088
554688527435563008
692410832307818497
714555825122107392
565999191982616577
689798164287741953
499612545909415938
728625967921401856
528562608463704064
489818014364086273
676870737932742656
516395112201736192
634665777400950784
570405783306944514
693600369281253376
655432919595548672
427762638274437120
759653274605740032
525024066152169473
580325090367315968
500303431928922113
747275598347837440
544274934835707905
726442550266044416
707405809181917184
525008463819464704
764573523713011713
675043569367982081
691656866972209152
691809004356501505
682916727282270208
427924694663454720
672424512516964352
618449248179191808
751856580874960897
755447443009916929
528341588867416064
651959206287908868
692742353736568833
500279160795721728
663385747177775105
427652211414274048
765735409984806912
614610920782888960
538760398003253248
693492159635443714
489872500462190593
692759090469212160
534205316620382208
428366153149194240
692803280238419971
614594195479752704
692940257134653441
524932935137628160
499368931367608320
723025600810766336
656523458139045889
525024518713397249
767203096472719364
742055437932040193
766307327922335745
545271117355958272
715515982584881152
693618217667928068
519275971758026752
495305620342714369
519311120914722816
693041285087756288
752965545528528898
693181857261719553
628045645010608128
524961908903149568
524935769614331904
767300637012951040
520299904934371328
693722259740069889
692845716826300418
614615157730357248
516978780171436032
491591245152935936
693146363685642240
500270780832174080
655986243042459648
514072132301910016
528822281972498432
518665533089406976
427846006600777729
538010064591028224
686493272806576128
524959809402331137
691986377584549888
515918632178577408
742571519105077248
489798752438583297
544350712365207552
778625026144792577
683731779342188545
765141361033109504
514451906211893248
655080266784968705
693118410444636161
707412869860696064
723365789378584578
665575674485211136
524152657783820288
767823175480647681
555072815154475008
539115704285270017
757450526153900032
623533663947517952
763738618573623297
692082592380751874
407292452060815360
500307001629745152
273182568298450945
689236842454106113
692818857187213313
550175324634619904
544358564484378624
498430783699554305
676586804242309121
724703995147751424
629209452793626624
693866093123915776
568589712644026368
524923293711998976
500381163866062848
536558567206420480
693102023764492288
436001434212249600
690137637810761728
580348081100734464
377002232257855488
521098692326350848
450341615979069440
693785810311778304
552661209204260864
714567472712589312
766789709045518336
524178388282802176
642432477185867776
522815405451407360
536547921542791170
626642648179159040
532928419051622400
778530869208190976
519348106836860929
692581635594694658
693921710383337472
633397936563560449
626901072209121282
504500863944376321
691678576018657281
693795905049329664
692113839387709444
544282005941530624
693822949456007169
504453071041482753
407188779255222273
552498516225179650
692840850141753347
693203974388895744
714503380476026880
553103772852191233
780882510645370880
693858804279201794
767754921403899906
357300409292959744
676067381299576832
681199637387149313
682548344690970624
514478918636535808
531833233143783424
489970164469751808
542600886653292545
661120256732041216
547807913671405568
519131101798100992
687274510643511296
717081129627553792
693897857376632832
688932211714818048
663817239896821760
672927317191229440
692566765822435328
537006518118273025
692113799546048513
497073936077959169
525060425184858112
519965814175567872
511918957255991296
500378522788315137
614609560658161664
690926324903317504
515598200796090369
524931324763992064
626516248206135296
642027433693171712
524925600318754816
407213757048160256
505611045897924608
659439879701602304
538218607822770176
552848620375261184
509077805296914432
693167683701968896
514517213022543872
524969201102901248
91728807081426944
707321278135463936
489812926828924928
656825206045020160
514508854990999553
615346611955183616
693456340790804480
553575232867672064
532239131540467712
490136764619948032
544324444773433348
686657138270277634
521533372280369152
501827465032237056
652349108653551616
524586367456919552
652982112870662144
80084555733803009
528976109518721024
504131654810877952
489887806018183168
407192126032986112
687945926774800385
764368020391223296
647169573599449088
542320823915536384
728101712762834944
728207861050970112
521835345059389440
690954487322796032
693459931022913536
490080544949276672
518870005677826050
778572032531427332
692332739824095234
539658034382123008
534364937939062784
517051126466625536
516804849619705859
707308274270539777
614593989203886080
531524882325311488
553271856786968576
524925050739490816
693869818366287872
666633171325353989
532276370953752576
663925546812837888
532281981795848192
489794696013967360
633961125126668288
673615400655970304
551082055883563008
687537772970684417
570341828479725570
638050997340893184
544514564407427072
552706985087361025
553467311261503488
352075672543428608
689555819059351552
692929779696275456
692550140754841603
692163879909064704
407170443443859456
489800427152879616
538129041539092480
524998384357486592
536915851233202176
501774251901198336
525028734991343617
387006553124896768
757190314880884736
530017051025604609
510918747188514816
387237225286479872
767803368081358848
524987184836005889
693594331735683072
544319274072817664
536804445678755840
628319096606732290
615840865815298048
763524712853102596
365497016098369536
650710483289419776
524699123971534848
614604580601597953
767861179951648768
761355585724055553
648894687542034432
620367840902782976
693129259334909952
766822417712963584
544305540286148609
693821069879160832
538256153080127489
407184707118309376
614618682543616000
676094756758364160
532206910796468224
544283772569788416
692506143147606016
514098833253748736
513749585391390720
524757333608394752
614594667225571328
566089610485579776
665309822208729088
407269894938718208
616481759329427456
531300385248800768
507242819623587841
716461257025581056
500288349924782080
516636338679197697
693761289601060864
524932056560963584
666335363099660288
742678930516123650
407233172380733441
532284428542681088
527272948680622080
516861311725342722
356310469390245888
524950339074523137
693853982293254144
376874273601630208
693939356390653952
544374511194632192
647169726158925824
523888836456108032
522692223952228353
544290258951892992
766638613320859648
509114008587100160
387006700609228801
516390549012480001
693443289370882049
693402634011701248
690145844318834689
524320261667950592
693843042546106369
658065957823324160
531526274003771392
506118402466152449
521663202183348224
692842124841123842
534678919656775680
407185422523977728
767668607803359234
524934138563133440
525019752507658240
675064077367005184
637873886072320001
692134721195786240
765859710503378944
535507913226190849
336913656921083904
500347114975944705
509464271118688257
489833932813516800
766541461189832704
693807822971236353
436074888638763008
613061089518034944
524263570985340928
614610364702044164
500294803402137600
552791578893619200
692727606718824448
674713782778654721
552805488631758849
386682163862986752
407174474207731712
514468018970034176
742114513726623744
554655549896159233
665379967757324288
645362146415525888
613114185505996802
537378640653475841
775672628493357057
675193315306905600
528676615207653376
759460236042305536
693534670428971008
643807909856415744
730516765525082112
693456187036037123
489975398151618560
544278335455776769
692540218310803456
691632933170450435
616765822095261700
372914976102834176
538861627018579968
552802654641225728
687748306571804672
693586539562037248
549975297160802304
531733274968989696
693840291992838147
645356735545364480
80080680482123777
521772674155286528
614650850393391104
669613420665159680
613023744454475776
531900034863091712
748640007934590976
692046121250586624
692498490249891842
693555965019492352
693826104633737217
519867098945044480
531161914689482752
544511199702822913
544399927045283840
387010299536355328
672433211604013057
496698590153416704
728631482722308096
692701223326056449
724603564946010112
538408710084001793
620971220301787136
516394449065496577
531108688749404160
699252269414354944
547158281005719552
531659884430106624
544333764814323713
509473920060104704
561952533942661120
764158239089029120
544328894812549121
766715993385267201
536105045545472000
716451800581279744
521922785254580225
692874200927698945
672632863452299264
778689027918618625
522443333831262208
651825062174195712
544382892378714113
693691456222052352
693631772639145984
553589051044151296
504450741126582275
634943791934406657
348204426659508226
524941041301225472
763430916236640256
690106189951139840
666051332504207360
731166399389962242
693162950358622208
666810213274689537
524952094986350592
692748204064927745
514100169307348992
525040767317082113
517053056211357696
531129816389779456
640107106943766528
707604196812591104
544277117039837184
295944137948151809
767710245779103744
764497123530375169
693696168908423168
691380348379201536
525043936331857923
544381485591982083
504419526998360064
531833153145823233
693595814401327104
407169885345943552
538847758032310272
763964234774347776
715253497462145024
614594259900080128
523558773345255424
544358533819420672
751536167183613952
656880145769197568
407290084593913856
524947674164760577
504652021601800193
538930446814703616
687956181646753792
614616994499788800
519868410599993344
531131094276382720
507263441359613953
674244561519161344
686527768327274497
524949828711620608
560474897013415936
387233034350514176
521717368264093696
647168914955243520
693126696132804608
544504183341064192
407223928084766721
688004802245214208
693643778033344512
532559937269166080
500327106824245249
667534186450825216
726086935903494144
765863022506151937
692735698349199360
692099058811453440
767462297270968321
524967711492014080
407206094747209728
672488384695279616
693534177694609409
500280838710247424
714560810266132480
526757033186697216
731093044460683264
763896522790440960
500308076004929537
649584608560832513
525327108520673281
665358434351509504
525056576038518785
693853310479155200
560414522758799361
518192429153783808
693128224960856064
552457656666185728
538137715293061120
715268937873760256
553008832784642048
693606934050684928
507557659206516736
692745208421679104
714598318333042688
693554007785234432
516414874348298240
693471161313816576
553136604882014208
523545090099523584
507257950868885504
724044187113512960
529088963420909569
676120162018451456
532231906364911616
514517470238240768
669201837187334144
620916279608651776
501768276523761666
489816746405007360
651018580989972480
510916725953417218
504433135036407808
701175292937707520
500319801344929795
691600834707247104
626897206717624320
407253554039386112
687631811560763392
693804277031157761
531634492528939008
692932696645865472
524227209976745984
544513524438155264
651786568592658433
537976883150077952
407258075502899200
687617323235147776
489829414704648192
535252460148113409
514395350615203841
534763214106820608
687643002240679936
407170170533064705
614702244001382400
725070832494624769
407164597511393280
514546272972574721
489794369487380480
510921017972514817
562387516964491265
562090534945431552
568075025418317826
765739657908850688
489867900296368129
524294016435634178
560187970389819392
684118654418419712
551097831851687938
514062859987595264
689922870689009664
550095745161134080
516361247223058432
693059995013742592
727179214546456577
693554344298467328
723504069814444033
693485676881403905
524211911668543488
615494435074363392
524929106987991040
514109888138842113
689103487880310785
544314234541469696
525025279803424768
688814621034213376
552834961762709505
427831952826449920
525285199530455040
516411927506206721
554722567224049664
650975967146602496
688441130271289350
509463933564891137
613362193787129860
524937542131793920
672432930426372096
743058135300988932
513015596879867904
547670441754914816
727623131494387714
407192370040803329
524935246647926784
693080409282846720
387031585834278912
387353560356118528
524950264303075328
693204483501887488
514535408126795776
539799806039052288
767561970182598657
523098334421319680
767859423150759936
365052155385749505
712223438698627073
650952376954650629
663744139666804736
653250169752977408
692792765852286977
652992524504600576
500290456845299714
544329935943237632
640182854928961536
689719109785907200
764931593303646208
514148279601606656
534392174876839936
727187859367546880
687639526282498049
692004901455556608
690580180805509121
673984270902427650
766299795833102336
675490515748425728
693032076543655936
693071700200722433
614599619310407680
715256242990505984
524185876931162112
551128385850601472
536808074431184896
636925368927064064
641666167992647681
612741808125120513
765631087867367426
674229534888185856
693484841011060737
536849906997415936
544287209730236416
553508098825261056
693321561542127616
688461902821855232
553476880339599360
662430295254175744
642145732435292160
376982539132366848
524930365400821761
539052152602107904
551123464640536576
714811995573325828
553579224402235393
524933380929245184
690915657106526208
692890520960397312
522654603675176960
525039784503541760
524925987239120897
651486105628463105
538193964479045633
706933939953344514
503609826128044032
319166636902998016
507634536176300032
689650617464311813
500286058664579072
691206970074738688
563123548857053184
693549273468764160
691006265137299456
755475529294352385
544291804057960448
568905632998412288
667465205258051584
661184793342775296
692854695262445568
553061846081896449
689100941119848449
387220814531395584
690174644071047168
627828211003469825
693125234317086720
544289311504355328
553505242554175489
553115168084074497
692812029611089920
723915846985342976
514039286845698048
407279190913069056
521727831307722753
767355933919997952
510906049549705216
693622130735484929
682999206290829312
514106939173634048
489836441120145408
767223774072676354
692023855926374400
682895395077373952
747443219487678464
671181758692507648
351767344097398785
531493734358061056
689267711856263168
524935485370929152
631388553801564160
614599815280857088
692764799315398656
553190393370923008
715254040289021952
763404633217835009
705093513076015104
645711628046995462
524191650420367360
524944399890124801
701539698452393986
514540926640087040
553544694765215745
523535962962280448
524983325275197440
676970570160988160
534409916560461825
531973383198887936
644321231618076673
539833716852273152
506784541696991232
673872171341447169
369506008172740608
621025025806577664
693670046497935361
707420972173955072
693122199536934912
693086218276474880
524961721744900097
544698560655400961
364383457545162754
761675705956655109
407234399093022720
724624672604610562
678277910537588737
544514570367168512
691380138710306816
407158558158254081
643103859729166337
538346377794031618
407159686786732032
504243239084236800
633949800761700352
687911282922631168
688366079396163584
569908998717243392
525032872647065600
642465192408940544
407182194206322689
532275347413544961
685473149291479040
524966904885428226
514495841600811009
534337548680978432
693806234026188801
692881863644282880
691791477912014850
761999790892806144
529434230938284032
524958128392376320
552811386259386370
693344498953383936
524976106861236226
690431187916099584
544380742076088320
553960736964476928
556873675941896193
500354773133299713
524970097711267841
614645853291155457
509463916586762241
552785375161499649
549927969032916993
514429381737852929
552810448324943872
654343805081157633
611039775856812032
693857551620968448
523123779124600833
524959836778536961
531607884220485632
501774615837163521
728038172270198787
553506608203169792
521788572933062657
693533469922693120
766989078294306816
767715489485205505
407197672702214144
407164247768977409
665498651742085124
553512735192141826
693216311502073856
666190716448587776
666070802924617728
604642913188872192
501785003144273921
613425834301485056
661251968078221312
504448356584677377
760109079133990912
692922211338981377
692528931459694592
407229989902225408
651044059222556674
727854332188577792
656361703664451585
567765185407234049
356268980211687424
387281927427727360
714577521992343552
523123023646175233
693686290408181760
693512850539683842
552146635707666433
532246457609244672
691719802499432448
514081464171102208
774833492865593344
531565935128498176
693824042164436992
693408117225299968
509478961705807872
553587303172833280
693648675772436480
693079616072880128
707310135291416576
516729950091493376
767129248045948929
693198912660885505
515519742355185664
568580363339091968
510507736287961088
690969315470868480
544269749405097984
536835346932441088
489820657291911168
732981604826677249
692405195796529152
514420223873941504
755439197125767169
538975342011363328
407156621450571777
692765809425408000
693827886021767169
407209892013821952
525711899359318016
689853056440221696
675005503160901632
407267881131732992
724348906096590849
723644048867774464
531183173443801088
372489152903643136
553098571323437056
691608761128067072
689641419825242112
693060960001597440
552832817089236992
533811170889568256
644229386149888001
539813330983354368
553538058440941568
760928376668454912
693185488644149248
544282227035869184
557885928417816576
580320684305416192
501934077612941312
653432177632387072
531525016794697729
623818627054206977
500371149713178625
748558349139058688
691285663522648065
693441093048766464
531193369465470976
532319110458118144
551942365901250560
407232661107642368
503714147138166784
614601139422633984
527131140721623040
525009850104037376
707786906189303808
521882110789824512
357299879070023680
504131150429061121
692157602554343424
407212665350942720
653432261203750912
691976624665919488
714755546285477888
648993731169939456
501881262240694272
628336948810268673
524946179390701568
614891047886434304
553549686129561600
714998347111669760
711994705333112832
576319832800555008
544515538383564801
619242759359037440
686701278785843200
520265722967375872
692800345274241025
764753085675761664
547101266313089024
524144369235140608
693925198630821889
489796998615547904
691632238035886081
500278294055768064
690522824797196288
647193820812177408
778299287293816832
517487705978966016
273278761909239808
553550301886955520
516371936604352513
531568534066057217
529857740059860992
665364878287224834
692083780123783172
540643709465812992
407177474788057088
535282587325833216
693139276708585472
692796451987034113
687617735833026560
521777301470871553
656830586577883136
693916809125351425
525116411887513602
531206167302012929
525049639016615937
693465666259656705
662151653462790144
692833140428017664
553586897168392192
693502060545703937
691351064868732928
693217698482933760
767170849472405508
778681502825451520
689915847939219456
692382471061663744
544154048950435840
688110059553861634
407213772328022016
503498696273965056
519178213441167360
537355288295518210
534445263528947712
692537942439501824
641088973717110784
674364257799004160
767360696761905153
407218583135997953
523655026485366784
690670464440504320
743764020679741440
692047663211085825
614628136634949632
764653644138450945
692150118921957376
692423131726749697
692190570140340229
692688891174739968
673686233936072704
552568163431247873
691700082601758720
528607634099015680
692946556396244992
334722003057647616
760120409429643266
723772395211862016
521821037726797824
758825535480864769
560873850846846978
407217865973329920
693122701569974273
693411834808946688
522534012544638976
516358319317852160
752875379765968897
764505291853627392
689549346875031552
519530210795216896
500280422295937024
553548567420628992
693501482721681408
732971411157880832
504304227246538752
500391222075076610
445495350171013120
681147789653356544
532208816692416512
667073349974102017
692082861525078017
716448280201269248
688446106943008768
651402689352351744
766299560415223808
632377165477191680
693560600471863296
727966590084485120
765779159176077312
514512849876836352
693196937172951040
505657661120348163
655812191233417216
724661834419048448
524291188422356993
387030572779847680
525029684095221760
498280126254428160
767580827513397252
407189015582887936
618192748735299584
688755462783782912
532203605236154368
658786161733734400
693087220459270144
613294443878305796
500298752469770240
633823543541768192
510916464631889920
524976980799000578
656811196218286080
672906198434209792
618805892222468096
499456140044824576
766808183696351233
614599587362414592
693068611951300608
745236050407194624
534461459938304001
407181813174788096
427725166127226881
682629960826224646
673079581520318464
692702295281262593
693071538896162816
524186749002473472
692925396292091905
757367391202471937
693140340367187969
407193347279699968
689208632148365314
407217471473451008
649985459389661184
730939370765754368
676955015265837056
407248574099894272
560442390805090307
693729678306189313
693466724822323200
690567125128351744
767715524222578688
520284654755381249
549599086073368576
516856061182345216
763428684850094080
691789524498845699
544319832486064128
659462980476637184
574062768896212992
614617234942656512
513437031020916738
732004388181434368
689890946683576322
692927739066740741
767710042816602112
764473554431725568
500284699546517505
692063305297453060
741995157969592321
544523550519218176
707305999971921920
650037735579910145
505369323922522113
517416417164263424
551120768164462592
714851393861881857
674301960787505153
524941132237910016
765612862681255936
387007120689737729
691995324752252930
549920761423863808
777710439870455808
499683602452717569
767737100347191297
427690961280696320
623599854661541888
649889459836710912
524962676665888769
536962520477470720
692884886374318081
767092161716350980
614607711368519680
544271284796784640
544289941996326912
640118021101604864
518827403452637184
356297080169447425
544291965513134080
740748123581087745
506656271517622272
692217618778972161
520244836084228096
766568413418356736
693528374996652032
539254751343681536
427944719612915712
765887221736046592
407173794583695360
