693281966846808064
528312406498635777
525116411887513602
691616143161819136
692743102432346113
524981436252950528
760120409429643266
566089610485579776
729647367457230850
526757033186697216
693926742814281729
651825062174195712
531568534066057217
514429381737852929
407169212428206080
690567125128351744
749286768554438658
407170170533064705
542860306603868160
650128194209730561
724044187113512960
524947674164760577
614601139422633984
489820657291911168
544154048950435840
407197672702214144
537976883150077952
677099574855639044
574004164570841088
637868242560638980
693792605755285504
674713782778654721
506784541696991232
515598200796090369
407163869673443328
748640007934590976
553099685888790528
693934062445187072
538847758032310272
549124560793374720
538760398003253248
387030572779847680
407164247768977409
524965775036387329
651858133304782848
767482587879051265
407231591191035904
519962130859429888
536871550184869888
445495350171013120
766299795833102336
692884886374318081
707305999971921920
742678930516123650
692816955837804544
504106473467944960
693119705469587456
693537938425171968
674301413040758785
615689290706595840
619242759359037440
688446106943008768
689549346875031552
614790312955904000
613294443878305796
553587672137334785
520132836594970625
765779159176077312
538861627018579968
553136604882014208
761355585724055553
691791477912014850
551106923601219585
528240834660298753
531183173443801088
524976980799000578
521777301470871553
531131094276382720
552792544132997121
544305540286148609
407209892013821952
525040836757958657
519375764165509121
525029684095221760
693481256735150082
539115704285270017
669201837187334144
560133068670140417
519935535083565056
516411927506206721
364589696573124609
369506008172740608
549964632883232768
761999790892806144
767515401831997440
524925215235911680
642145732435292160
523558773345255424
763896522790440960
774833492865593344
536849906997415936
707321278135463936
553576010898497536
692472216135569409
692842124841123842
427652211414274048
551103664124100608
693465666259656705
580325090367315968
692497796956561408
693082547664883712
552498516225179650
633397936563560449
650975967146602496
693718533239365633
728038172270198787
553590459688570880
693857551620968448
523943647449198592
522468118082633729
767203096472719364
407233172380733441
538346377794031618
693441093048766464
693853982293254144
531498841158082562
714851393861881857
524988712367955970
693549273468764160
436195672677953536
766719302401613825
495365942726381568
692742353736568833
687639526282498049
500347114975944705
767068504277344260
507257950868885504
693204708933160960
691564354567798784
504771233557147648
514308277803294721
514540926640087040
767768054163996672
767154835993063425
407177474788057088
692190570140340229
618805892222468096
507242819623587841
692336523090509824
651809229842608128
689719109785907200
407176055657484289
524932056560963584
544314234541469696
627828211003469825
387007120689737729
724661834419048448
766568413418356736
523566838958284801
764620072228970496
551117430345711616
553535829017370625
538166788484509696
691206970074738688
658259426172891136
766638613320859648
510286132568150016
693651239486263296
532276693931945984
692707593991643136
672513234419638273
692840850141753347
650046859537448960
507918114567499776
524934138563133440
572002458647412736
524191650420367360
755523157700648960
550095745161134080
614594667225571328
614593386188828672
686527768327274497
295944137948151809
532559937269166080
516386101766782976
767092161716350980
538851683141304320
692217618778972161
544277117039837184
767807335691653120
527286846347567104
666640008149925893
644329878876237824
538010064591028224
693533469922693120
537913349338435584
552112474913136641
673581371458199552
524972443308683264
553476880339599360
652783670370115585
707420972173955072
714577521992343552
407163499723624449
614628865353351168
544391533240516608
683731779342188545
544457299667202048
534543768653807618
489796998615547904
692812029611089920
534364937939062784
752875379765968897
752965545528528898
536826622725218304
715255507506892800
500381163866062848
622891631293935616
693236688538243074
560163341524807680
693476774462820352
626739062792032256
499530130487017472
693866093123915776
553107921081749504
693321561542127616
692287441168900097
614604580601597953
551120768164462592
576513463738109954
523026678419714048
538218607822770176
517038566061658114
387237225286479872
525060425184858112
532231906364911616
495366618818830336
536558567206420480
689938201193115648
727982226290442240
521882110789824512
693501482721681408
553544252563935234
560207034545889281
518665533089406976
676955015265837056
524925600318754816
528237933661544448
648993731169939456
544329935943237632
552793679082311680
537484793882361856
515519742355185664
620971220301787136
534461459938304001
764368020391223296
535257207991205888
528976109518721024
693648684857323521
715264793737879553
692735354240114688
524933380929245184
763520953619918848
525019752507658240
553586897168392192
723511860516016128
553588178687655936
692290126282649601
727854332188577792
525300042207612928
516804849619705859
265953285247209472
551135925862805504
693554344298467328
387233034350514176
693214543615561729
407173794583695360
767170849472405508
504453071041482753
742114513726623744
687630364936957952
693686290408181760
766752508312166402
600451916414484480
489974591985840128
767715489485205505
765141361033109504
524991240270807042
623533663947517952
661229627734667264
544512910538838016
407185422523977728
705093513076015104
724603564946010112
539658034382123008
761675705956655109
724939017410727938
693696168908423168
539799806039052288
538256153080127489
500394061887709184
745236050407194624
767520433247809536
613016993692798977
514508854990999553
716448280201269248
497073936077959169
551128385850601472
693102420688121856
641666167992647681
525039784503541760
500278294055768064
714998347111669760
676067381299576832
365056836476481537
490136764619948032
547525843749470208
538137715293061120
615346611955183616
620916279608651776
653250169752977408
634943791934406657
688461902821855232
554979642210549760
348204426659508226
692701223326056449
514072132301910016
638047610973089793
614054616154550273
500279160795721728
524185876931162112
672488384695279616
766452700049473536
672632863452299264
693013768738115584
692566765822435328
672553813249826816
538374385665449985
500363740311982081
693811101146963968
693107789007339521
560873850846846978
689833530197671936
767459987476054016
515717938025078784
407234399093022720
634665777400950784
525305690257379328
504830161993609216
544514570367168512
524757333608394752
728013148788154368
766358933296517121
743126914794037248
499368931367608320
560187970389819392
525009850104037376
654351281260113920
544510450101415936
524211911668543488
542423103834296323
553534838880608256
614702244001382400
532275383430041600
689267711856263168
764573523713011713
692071267189395457
675064077367005184
436157398269849602
649584608560832513
675490515748425728
520265722967375872
693906624776245249
524923293711998976
777710439870455808
655080266784968705
693769968199061504
516861311725342722
556541489388724224
692357775859564544
525005886272843776
553543369604210689
518924377791164420
523123023646175233
544319832486064128
514550436377137152
553115168084074497
689799953330368513
692780496590254081
538729383662338049
528822281972498432
691678576018657281
516313006427602944
535148463609356288
663817239896821760
407231740764508161
673686233936072704
514517470238240768
500378522788315137
536738726693847041
516636338679197697
693935557009801218
613194145423826944
521098692326350848
574062768896212992
515918632178577408
693858804279201794
501760566160289794
761027420849745920
531565935128498176
556873675941896193
692881863644282880
539052152602107904
516345893139001346
767094580634202112
778299287293816832
693523133920342016
604625816992002049
614620298877513729
693196937172951040
524925033626738688
662151653462790144
553160652567498752
527272948680622080
682996350909157376
514546272972574721
675434959939756032
715256242990505984
532239131540467712
544274934835707905
407236151167025152
693125234317086720
675005503160901632
692150118921957376
687632433483759616
621025025806577664
532297096356167680
691600834707247104
524946179390701568
504433135036407808
501934077612941312
547158281005719552
714503380476026880
665575674485211136
652000523525091328
500319675797209088
692463948076093440
533811170889568256
544517264054423552
525285199530455040
326137285450018817
757450526153900032
693618217667928068
531607884220485632
534763214106820608
692758050378256388
532203605236154368
522782267215982592
682895395077373952
643139873264812032
427725166127226881
524962676665888769
455525437351800832
482880640560271361
528495998537334785
532602376398462976
614599815280857088
693502060545703937
504131150429061121
80080680482123777
534392174876839936
551097831851687938
723504069814444033
767698691205410816
538129041539092480
525088864416043008
524263570985340928
665309822208729088
538975342011363328
489836271049928704
693573781730783232
623599854661541888
544282005941530624
692665281362202624
692734579141185536
489841070818488320
91728807081426944
707604196812591104
532851585408593920
727966590084485120
528607634099015680
580320684305416192
516321020815228929
514451906211893248
672180526946656256
637382230394822656
407229989902225408
525028734991343617
547101266313089024
544350712365207552
508002575858561024
334722003057647616
618449248179191808
692929779696275456
530017051025604609
614610364702044164
504419526998360064
693560600471863296
524991067675189250
491200302365040640
662381914842603520
778681502825451520
651786568592658433
672433211604013057
519921456730607616
693555965019492352
387041762331471872
535474881090322432
519078654635409410
693691456222052352
516978780171436032
614891047886434304
531193369465470976
516361247223058432
503714147138166784
563123548857053184
407237676350185475
689555819059351552
690680149164085248
544939287222165506
524983325275197440
658938136299511808
689529955294777344
544268732046913536
688147918113538049
553212962044149761
450341615979069440
688004802245214208
693402634011701248
643225207705075716
553587013409325058
629503919098429440
516371936604352513
692082337333534720
692845716826300418
691656866972209152
693534177694609409
673664899571060736
693171092555431936
524881688825167872
688814621034213376
780436430732525569
510916725953417218
531129816389779456
519530210795216896
524928878075457536
728207861050970112
641191076716417025
692630756548591616
553061846081896449
531530591427391488
553549686129561600
656818921979310081
692134721195786240
407198255793987584
693594331735683072
524593547807178753
686422922894815233
693122701569974273
688741019979001856
535474861616148480
539254751343681536
653432261203750912
692106491365605376
543436472842334209
524944881941495809
691632933170450435
521496155310796800
521717368264093696
688281442162352128
664000310856310784
524227209976745984
557621135320178688
688752484966363136
687674548712505346
757748522481491968
544324444773433348
692688891174739968
489872500462190593
407209131351629824
553008832784642048
551942365901250560
693091255685787648
767715524222578688
524935769614331904
524181699043663872
714598641827246081
386998038004113409
707310135291416576
656595123590012928
693466451081060353
692946556396244992
742050150307246080
427831952826449920
763524712853102596
686421576904916992
659439879701602304
756690088533393409
649881917534433280
563117355254161408
687274510643511296
352075672543428608
692382471061663744
500391222075076610
500303431928922113
741995157969592321
501774615837163521
676491949524713473
693315824132685824
524924619812511746
640644123339431936
688932211714818048
542320823915536384
764473554431725568
532259028152246272
370855596050108416
489968646014246912
489794593580650497
650952376954650629
688755462783782912
537006518118273025
692047663211085825
683158807959089152
407258075502899200
760109079133990912
613393657161510913
554688527435563008
682916727282270208
524940659778920448
665498651742085124
690985215691354112
693135382309896192
553186555150749696
553548567420628992
528676615207653376
697992796565741569
500377906305327104
691632238035886081
764158239089029120
661102820976930816
427690961280696320
687643002240679936
501881262240694272
693546915892428800
614615157730357248
501768276523761666
524962142563610625
663925546812837888
669613420665159680
427846006600777729
436160836524965891
767360696761905153
692752491482615808
671181758692507648
693492349142433792
717081129627553792
525033697045925888
536105045545472000
553461741917863936
626897206717624320
707405809181917184
501781217411215360
629209452793626624
523655026485366784
524952094986350592
553586860334010368
764653644138450945
767462297270968321
692516224245235712
692023855926374400
514517213022543872
767710245779103744
687766167558164481
666633171325353989
524935485370929152
523555724807262208
524206851450486785
407167928313081856
693622130735484929
387220814531395584
693643778033344512
653285570383335424
693411834808946688
553476490315431937
742055437932040193
552791578893619200
528341588867416064
561952533942661120
514535408126795776
532284428542681088
688520025754304512
504478567062056962
553544694765215745
690650123358093312
553164985460068352
356268980211687424
693080409282846720
545271117355958272
764449685897568256
407159686786732032
503610065769598976
767845555313774593
544278335455776769
525291306000846848
614617234942656512
407211258304552960
273278761909239808
670380354822348801
693203974388895744
689214940679409664
613404935003217920
534445263528947712
380140114552188928
407248574099894272
707332312724283392
514057033419849728
767668607803359234
538930446814703616
690522824797196288
693056396250652672
539833716852273152
524987184836005889
765739657908850688
553587303172833280
562093717201616896
553264892799488000
652349108653551616
500389488217309184
614599619310407680
550284252672450560
516390549012480001
640118021101604864
692735698349199360
534278078105944064
766822417712963584
614645853291155457
692838349036326912
525408908484280321
663904307113275392
620367840902782976
688502260779843587
693459931022913536
509464217549021184
523888836456108032
727179214546456577
513749585391390720
707300612862566400
691976624665919488
519275971758026752
553103772852191233
614605997953404929
693204483501887488
779633844680962048
701975210044497921
727834854931435522
521789009576476673
614638036593299456
524926472432410625
552811386259386370
554886875303780352
766808183696351233
767814876433571840
672927317191229440
407156621450571777
507557659206516736
407162181059612672
645356735545364480
672432930426372096
667073349974102017
732004388181434368
693600369281253376
427666815842414592
759460236042305536
692925396292091905
755548076438196225
778625026144792577
693167683701968896
668144671772778497
692890520960397312
651402689352351744
643103859729166337
763964234774347776
693457310824468480
522534012544638976
535282587325833216
689661418484994049
552568163431247873
544358533819420672
658786161733734400
692267960686284800
516475930097643520
524976963862429697
613023744454475776
551159366876147714
693146363685642240
693648675772436480
524949828711620608
628604055644934144
693272659447119873
628319096606732290
568580363339091968
690676539323740161
723477822950395904
612438528803213312
540643709465812992
692922211338981377
549927969032916993
491591245152935936
536804445678755840
690042063958732800
692932696645865472
568589712644026368
534303066867367937
691027026552229888
407244865018155008
524925050739490816
614610920782888960
689722724470620161
689890946683576322
693476901772513280
524178388282802176
693098795022725120
524923676484177920
614610102927147008
524935246647926784
510922415468449792
660466342038867969
690920430287331328
516358319317852160
547803254516490240
407176873605865472
693807822971236353
524958992330522624
554958414905094144
693087220459270144
687631811560763392
666051332504207360
544289941996326912
524929796862918656
552783667052167168
727623131494387714
692063305297453060
536835346932441088
387281927427727360
521770744855134208
527162170531151872
536962520477470720
693662456393134080
765863022506151937
525711899359318016
489874311143260160
692892472729415680
723025600810766336
516377014790782977
647168914955243520
723365789378584578
641088973717110784
724703995147751424
759653274605740032
524977992683237376
544381485591982083
500281094239817728
693456340790804480
681824512120324096
523545090099523584
616421546702336000
531531382611513344
544504183341064192
672219174463275008
553508098825261056
743058135300988932
552810448324943872
531733274968989696
690376107825192960
767803368081358848
715671763808493569
676120162018451456
714555825122107392
364383457545162754
544512108885725184
532206910796468224
643807909856415744
534205316620382208
407269894938718208
688751061503442944
507354546041925632
653432177632387072
766323684076322816
544514564407427072
674187250792558592
500280838710247424
688751183645782016
518981379963777025
365276206381268995
407212665350942720
358591089462099968
535484342785830912
693129259334909952
553040930144792576
489833932813516800
80084555733803009
693673606279229440
436146437530075136
693824042164436992
522321383716818944
767129248045948929
525024518713397249
693466724822323200
504243239084236800
519348106836860929
524976106861236226
504500863944376321
692056985513123840
692759090469212160
553184482241814530
507634536176300032
693344498953383936
524176293450223616
612646796355960832
692113799546048513
544328894812549121
672906198434209792
689236842454106113
767823175480647681
407206094747209728
566999951449001984
614628136634949632
676367888543031296
766316494695305218
693456187036037123
693821069879160832
524291188422356993
691995324752252930
555072815154475008
692550140754841603
499612545909415938
553271856786968576
692736398462300162
516394449065496577
693086218276474880
528357165677817856
489812926828924928
551123464640536576
614626710248534016
701872343736520704
427924694663454720
489798752358916096
727116900983934976
547807913671405568
691667941314662400
693534670428971008
730516765525082112
525327108520673281
693083689098477568
688366079396163584
666810213274689537
500327106824245249
544512676643500033
633823543541768192
693126696132804608
407193347279699968
692727606718824448
580348081100734464
765887221736046592
489867900296368129
676870737932742656
517003426832453633
614604054552018944
544289409294553088
524923462398513152
673872171341447169
693217698482933760
693140568143220736
544567299102244864
319166636902998016
516545908813475841
519965814175567872
500298752469770240
692692529779707904
532106726539939841
675193315306905600
612741808125120513
611039775856812032
688441130271289350
693234925252775936
407164597511393280
407187197427593217
524928119955013632
766989078294306816
552785375161499649
665364878287224834
748543642323783681
407213772328022016
690174644071047168
692940257134653441
672169954016403456
489818014364086273
553016500492439552
516705572373397504
533734824905670656
638050997340893184
380055172896272384
693893182338289664
407161635439013888
658462819667615744
654336219447472128
687748306571804672
641443248909754368
515538937058971648
407174474207731712
524950264303075328
519131101798100992
525068915068923904
693670046497935361
524959836778536961
691299810553384960
507261372313640961
767528171520524288
715253497462145024
524925124303396864
427662266993889280
692332739824095234
524320261667950592
489798219283857408
536991428694376448
522654603675176960
523123779124600833
514100169307348992
407213757048160256
489816746405007360
728627623488786433
757367391202471937
656825206045020160
436215971272212480
524993533212897281
532197572698320896
489800427152879616
522553662996901888
553169307824177152
544290258951892992
518620083342835712
517712193841037312
535315394127728641
693041285087756288
489975398151618560
427762638274437120
614614133410033664
656662726014599168
532319110458118144
676094756758364160
692410832307818497
514395350615203841
687956181646753792
693140340367187969
688110059553861634
407192126032986112
614599587362414592
693452449173086210
649974380416618496
538412662858588160
614594195479752704
377002232257855488
693484841011060737
387031585834278912
504109775358287872
407290871856369664
706665777332621314
568905632998412288
716461257025581056
640967537178472448
520630231531802624
554722567224049664
663515735231062016
569908998717243392
763404633217835009
517487705978966016
692506143147606016
553512735192141826
706933939953344514
528242965915779072
691986377584549888
693676692309700609
693528374996652032
514106939173634048
645362146415525888
525301290218553344
644229386149888001
656811196218286080
692753210692476928
524932935137628160
692803280238419971
528389559441444864
524969201102901248
524961721744900097
407192370040803329
372489152903643136
489854703321509888
761573188543229952
688757736310484994
407184707118309376
509463916586762241
531676808836833280
524979548195024898
514039286845698048
766307327922335745
365052155385749505
511330322831507456
500278045597368320
348209998565879810
693729678306189313
549920761423863808
642465192408940544
725070832494624769
765612862681255936
436001434212249600
509473920060104704
500279189405433858
524168442841010176
407223928084766721
538724882461097986
510918747188514816
669259395902152704
553098571323437056
531648145613398016
764505291853627392
778530869208190976
674364257799004160
767561970182598657
387021726007042051
673346166822694914
716439952922312704
500307001629745152
504244627680272384
693818562981421056
489829414704648192
532281981795848192
690296550803636224
524967711492014080
532255606623989760
727187859367546880
692142338890661888
534337548680978432
504441156575297536
689915847939219456
724320681517670400
372901260183494656
688096910217879554
544352727971954690
504652021601800193
510507736287961088
614618682543616000
544271284796784640
356310469390245888
550131732805328896
544319274072817664
538133250066366464
514150992552931328
692765809425408000
692797856386777089
548672230134382592
628045645010608128
519867098945044480
547587399728267264
544350567183556608
626516248206135296
691351064868732928
640182854928961536
614593989203886080
524970097711267841
689641419825242112
693185853867294721
529857740059860992
693068611951300608
407262869152358400
525023025792835585
547514662695469057
521835345059389440
692157602554343424
693071538896162816
517053056211357696
726086935903494144
693240976970752004
688428083540553728
728631482722308096
693071700200722433
767541796410839040
674015148382666752
514478918636535808
500294803402137600
674263945172119552
673696115305406466
693822949456007169
525411618231169025
667534186450825216
687409983139495939
552706985087361025
518870005677826050
407184730988097536
525040767317082113
509084603617792001
692874200927698945
723198441690636288
693830499047989248
357299879070023680
756282236375277568
407182466613792768
726043971911213057
668872645589471232
763428684850094080
489794696013967360
711994705333112832
544306719686656000
692748411481780224
614624331717545984
407290084593913856
674229534888185856
691410231549530112
553506608203169792
613425834301485056
633961125126668288
616686132387028992
387009577763360768
500280422295937024
675043569367982081
654343805081157633
733242244522725376
689860942671130624
693524179597955072
692927739066740741
552802654641225728
767218194385866752
427689948398231552
547509900130021377
701175292937707520
693198912660885505
692004901455556608
530943279161155584
687984820815851521
499683602452717569
524144369235140608
767580827513397252
524699123971534848
348203818741272576
525025463648137216
641050980985999360
544367462012432384
519704006826807296
524936872666353664
692024256520179712
273182568298450945
731093044460683264
649985459389661184
692758581494599681
513779458340569088
516682897864916992
767737100347191297
693554007785234432
544382892378714113
407279190913069056
714598318333042688
387050178932654080
692391757775028228
655812191233417216
571052823665704960
765859710503378944
642027433693171712
536547921542791170
693857080193761285
690670464440504320
521727831307722753
407188779255222273
407169885345943552
716092408920936448
539813330983354368
707412869860696064
693804630615166977
491241885399539712
500371149713178625
560414522758799361
531900034863091712
557885928417816576
691380138710306816
500284699546517505
693487871806689280
652882609219833856
628336948810268673
673984270902427650
407262953533353984
524948703850029056
745365403237376000
628681462976528384
614609560658161664
524317344730869760
568075025418317826
614467824313106432
742571519105077248
501774251901198336
407253198395555840
386682163862986752
318263294098030593
524152657783820288
692924229017309184
504304227246538752
535507913226190849
553470492565602305
499366666300846081
524995771587108864
692098463262216192
427780584979836929
656361703664451585
693118410444636161
626901072209121282
623818627054206977
535252460148113409
615494435074363392
766299560415223808
740748123581087745
523535962962280448
498280126254428160
525024066152169473
747275598347837440
689853056440221696
767855091109863424
692127290998784001
387006700609228801
661184793342775296
692099058811453440
520338188213444608
673079581520318464
692374052082708480
562090534945431552
553590835850514433
604354747357859842
524980744658382848
726442550266044416
551575491430211584
692833140428017664
518827403452637184
647169573599449088
553579224402235393
673615400655970304
682548344690970624
524975705206304769
763738618573623297
693843042546106369
693060960001597440
544391176137089024
647169726158925824
407267881131732992
693826104633737217
504387128013246465
716451800581279744
685473149291479040
692800345274241025
662430295254175744
767861179951648768
514106273852174337
553474188259102720
524942470472548352
687673284436082689
692031514943582208
549599086073368576
701514249269542912
552832817089236992
693185488644149248
725983128444129280
686666933949837312
505657661120348163
692376812022792196
626546123713474560
620835698514464768
692537942439501824
366025766183514112
692818857187213313
501785003144273921
544523550519218176
690137637810761728
692423131726749697
553518472798683136
693061713042771968
544291965513134080
764931593303646208
544287209730236416
724348906096590849
523126268603031552
407158558158254081
732981604826677249
554655549896159233
673615263040798726
534678919656775680
531833153145823233
560474897013415936
407205404075376640
714531423273746432
524976526891417600
536540403109879809
684878165714563072
524931324763992064
688819658057740290
693079616072880128
635632641635667968
714567472712589312
552816020403269632
506656271517622272
692826642583019521
655986243042459648
658755852199927808
665361505303584774
677950378785271808
524944399890124801
693571567377342466
693136527816331264
649903655160815616
778949749156245504
552615631246622721
693803472806760448
427944719612915712
755475529294352385
531659884430106624
500378223977721856
688763099298529280
616481759329427456
693216311502073856
616311563071434753
516434071631974400
436157173161144321
614594259900080128
751536167183613952
544520273718812672
715515982584881152
727172374999666688
692746621218656258
693128224960856064
755439197125767169
544358564484378624
524925987239120897
672539897899577344
500288349924782080
543586319168196608
524929497205055488
692393375891361794
553558982476828674
521444489697583104
531493734358061056
552792913910833152
524958128392376320
681147789653356544
693804277031157761
376874273601630208
715268937873760256
523098334421319680
687945926774800385
693492159635443714
693939356390653952
527947775905103872
351767344097398785
514098833253748736
691809004356501505
616765822095261700
550003619303788545
552848620375261184
500341884678836224
503609826128044032
553960736964476928
656870311057575936
692796451987034113
524586367456919552
722885778448121857
693586539562037248
490080544949276672
648894687542034432
672424512516964352
693076140278153217
767859423150759936
500308076004929537
693605375803813889
509152237503778816
407205235682050048
542600886653292545
693912520923295745
689798164287741953
693641113693884416
744390771869102080
544513524438155264
648310692794109952
693573042111270912
650037735579910145
500286058664579072
560442390805090307
690580180805509121
500354773133299713
767223774072676354
510908595144519680
544520042810200064
387006553124896768
780882510645370880
688021039322894336
637873886072320001
666190716448587776
520284654755381249
688027085730897921
613114185505996802
544476808566276097
501827465032237056
693899062098137088
552984502063337472
505611045897924608
676718762830221312
519311120914722816
536915851233202176
500295393301647360
529434230938284032
407253554039386112
658065957823324160
499679379820412928
641082932740947972
691285663522648065
661870323034431489
693086478667112448
693116426824093696
407292452060815360
489902412900343809
689208632148365314
531524882325311488
509466295344304129
663722803489808384
544333764814323713
686701278785843200
496698590153416704
693162950358622208
524926235030589440
687617323235147776
506118402466152449
650254360727973889
651959206287908868
693239731031683072
535579674152148992
692581635594694658
684488313512800256
500319801344929795
336873759271157760
626898253900943360
765934198297362432
527138218505175040
532275347413544961
747443219487678464
525024181218725888
544399927045283840
531634492528939008
778572032531427332
692911086920667136
692925163994796033
692023417575448576
524930671220105216
641665203046907904
531108688749404160
528562608463704064
553221600955621376
665379967757324288
651044059222556674
691608761128067072
544698560655400961
543319210659971073
656047932093763584
682629960826224646
755447443009916929
693629498177253376
767710042816602112
524941041301225472
509464271118688257
693471161313816576
525032872647065600
665317131597291520
524950339074523137
531606992788287489
688763993633107968
685633217160998912
692820029159653377
674014933235859456
693855615618322432
516425769560866817
536827853669941248
651321040119963648
673611867181473792
514512849876836352
544269749405097984
654371696195993600
743764020679741440
758825535480864769
762775964224847872
693087256727388161
693265096278163456
693897857376632832
524930365400821761
531206167302012929
692745861978263552
523581212175392768
549975297160802304
674301960787505153
540333359793451008
489802446001434625
376982539132366848
716457799392342018
693595814401327104
524950507023245313
692046121250586624
618804516578680832
372914976102834176
703234354579898368
407254590363426816
692498490249891842
687786822475366401
470025166760980483
594687353937100801
690145844318834689
693802524579618816
723644048867774464
693131575261659137
626642648179159040
692078399012130816
767444114229059584
526459255147491328
614595106906226688
763430916236640256
510931521306243072
693139276708585472
705092738224525312
727588444000526336
518866406512025602
525025279803424768
692748204064927745
552661209204260864
693181857261719553
614616994499788800
523939598691741696
531161914689482752
520244836084228096
693200309955469312
692691444046372865
544518335019229184
765359928361922560
656523458139045889
766715993385267201
568571403756294144
676586804242309121
701539698452393986
692405195796529152
715254040289021952
649889459836710912
767463109778894848
387010299536355328
686493272806576128
525043936331857923
436074888638763008
407191144880439298
524952883343925249
531525016794697729
509463933564891137
693456387880402944
336913656921083904
387309869080281088
690680310061756416
509114008587100160
500332933098385408
524929106987991040
693141729529184256
513437031020916738
684118654418419712
674244561519161344
407209222850756608
692113839387709444
764753085675761664
553503184174710784
731166399389962242
562387516964491265
524937542131793920
656848877463560192
693284114724700160
435998882250899456
692540218310803456
514081464171102208
674358835675549696
553531413459660800
692134022839955456
691327238353129472
659428447459110912
489865454312099840
692105324111761408
672632899921833984
507263441359613953
514109888138842113
651018580989972480
622858454949040128
632377165477191680
693032076543655936
513015596879867904
407169699559247872
693916809125351425
693771953648373760
510916647373516800
407198615137181696
