521772674155286528
528341588867416064
656361703664451585
764753085675761664
647168914955243520
356268980211687424
544698560655400961
336873759271157760
730939370765754368
667379734343471104
524972443308683264
686666933949837312
538900739880665088
666107476526432256
755548076438196225
511918957255991296
614594667225571328
691632238035886081
682916727282270208
693840291992838147
500280422295937024
508002575858561024
522321383716818944
407258075502899200
716461257025581056
407217471473451008
538010064591028224
407232661107642368
514495841600811009
552832817089236992
524944881941495809
701514249269542912
693203974388895744
644329878876237824
688751061503442944
651321040119963648
764620072228970496
693056396250652672
295944137948151809
732004388181434368
756690088533393409
560207034545889281
689915847939219456
500327106824245249
693487871806689280
723511860516016128
525024066152169473
761999790892806144
615840865815298048
540333359793451008
553508098825261056
531183173443801088
672632863452299264
552457656666185728
716448280201269248
553264892799488000
537913349338435584
614628865353351168
505657661120348163
514535408126795776
500284699546517505
531607884220485632
666640008149925893
535315394127728641
553588178687655936
778572032531427332
523558773345255424
693696168908423168
553169307824177152
628681462976528384
531206167302012929
509464271118688257
650037735579910145
692217618778972161
524976526891417600
525025463648137216
489798752438583297
693087256727388161
661870323034431489
693573042111270912
501774251901198336
536804445678755840
692082337333534720
525134787778850818
687945926774800385
559863517151784960
755439197125767169
693573781730783232
524925600318754816
693893182338289664
524965786059026432
655812191233417216
553538058440941568
524998384357486592
626516248206135296
562256876763901953
693239731031683072
536504515843727361
407197672702214144
692748411481780224
693452449173086210
650710483289419776
506784541696991232
676955015265837056
689922870689009664
532106726539939841
766316494695305218
692735698349199360
553544252563935234
691564354567798784
500270780832174080
699252269414354944
544511199702822913
524925124303396864
524943490887991296
692833140428017664
707786906189303808
80080680482123777
763430916236640256
572002458647412736
693456340790804480
356310469390245888
693729678306189313
748543642323783681
501768276523761666
499679379820412928
532928419051622400
544358564484378624
489829414704648192
665309822208729088
525040767317082113
372914976102834176
687786822475366401
764573523713011713
553271856786968576
652349108653551616
742678930516123650
550003619303788545
407209131351629824
522684367647559681
524950507023245313
407164597511393280
673615263040798726
623533663947517952
705092738224525312
766989078294306816
676491949524713473
692082861525078017
689833530197671936
614648099542204416
640967537178472448
519965814175567872
767715489485205505
693411834808946688
556873675941896193
687673284436082689
524176293450223616
547101266313089024
535257207991205888
693471161313816576
524969201102901248
525088864416043008
509464457836511232
672927317191229440
693091255685787648
649974380416618496
659428447459110912
692004901455556608
407254590363426816
524144369235140608
693216311502073856
523098334421319680
524930365400821761
510916647373516800
524925033626738688
522468118082633729
407264593027670016
524211911668543488
614594259900080128
688814621034213376
531833233143783424
723198441690636288
685473149291479040
691410231549530112
638047610973089793
407187197427593217
427924694663454720
693087220459270144
518830518792892416
495305620342714369
514201362729828352
387021726007042051
691608761128067072
620835698514464768
527947775905103872
688502260779843587
614594195479752704
767170849472405508
427662266993889280
693811101146963968
678277910537588737
514512849876836352
387007120689737729
616481759329427456
672539897899577344
693524179597955072
544287209730236416
553550301886955520
693629498177253376
534461459938304001
504771233557147648
650128194209730561
641050980985999360
742571519105077248
760109079133990912
544520042810200064
407205009676587009
767092161716350980
656629493377990656
514420223873941504
523863683928457216
614618682543616000
524923341359300608
693485676881403905
520132836594970625
524178388282802176
524923293711998976
690915657106526208
692764799315398656
568568737621630977
407213757048160256
692581635594694658
524979548195024898
763428684850094080
693821069879160832
524947149134774272
633397936563560449
524975705206304769
530017051025604609
544939287222165506
553587303172833280
407205235682050048
489975398151618560
693501482721681408
562093717201616896
516395112201736192
514062859987595264
762793077509464064
672513234419638273
544328894812549121
544567299102244864
767859423150759936
692287441168900097
631388553801564160
499530130487017472
748640007934590976
765887221736046592
714755546285477888
692881863644282880
528676615207653376
613404935003217920
407192370040803329
524967711492014080
532255606623989760
658462819667615744
690954487322796032
501827465032237056
366025766183514112
614615157730357248
509464217549021184
514395350615203841
553040930144792576
629503919098429440
692357775859564544
642027433693171712
647169573599449088
675043569367982081
334722003057647616
553534838880608256
614054616154550273
692336523090509824
600451916414484480
524937542131793920
686657138270277634
524952094986350592
524206851450486785
529088963420909569
497073936077959169
364589696573124609
714567472712589312
518870005677826050
544358533819420672
692031514943582208
500319801344929795
519178213441167360
534409916560461825
689555819059351552
648310692794109952
767515401831997440
516539137646542848
544476808566276097
687630364936957952
693512850539683842
692925163994796033
553558982476828674
743764020679741440
504267796424163328
693643778033344512
516425769560866817
767444114229059584
510507736287961088
387309869080281088
553212962044149761
525039784503541760
764368020391223296
653285570383335424
714998347111669760
552792802309181440
774833492865593344
723772395211862016
724603564946010112
516423807394131968
652783670370115585
663904307113275392
507354546041925632
528242965915779072
604354747357859842
531526274003771392
687631811560763392
727172374999666688
691719802499432448
691976624665919488
352075672543428608
689799953330368513
681147789653356544
665361505303584774
693802524579618816
527138218505175040
524988712367955970
693140568143220736
692747901815119872
509114008587100160
748558349139058688
687674548712505346
692391757775028228
682548344690970624
728013148788154368
407182194206322689
532602376398462976
693204708933160960
654336219447472128
614624331717545984
686701278785843200
538412662858588160
524928119955013632
553164985460068352
661184793342775296
684878165714563072
500327120770301952
510922415468449792
544333764814323713
531973383198887936
626642648179159040
536826622725218304
731166399389962242
692874200927698945
693490132440129536
515598200796090369
407176873605865472
534678919656775680
693926742814281729
510916725953417218
553008832784642048
553221600955621376
407231591191035904
673346166822694914
692423131726749697
666335363099660288
767855091109863424
525009850104037376
504433135036407808
741995157969592321
524949828711620608
724703995147751424
514550436377137152
554958414905094144
690969315470868480
676367888543031296
407163499723624449
365497016098369536
524991240270807042
580324027715063808
657007736467525632
655432919595548672
693061713042771968
767482587879051265
370855596050108416
522692223952228353
693899062098137088
689214940679409664
500354773133299713
619242759359037440
427762638274437120
523123023646175233
652300118205427716
715268937873760256
693240976970752004
532199717594497024
656955120626880512
689208632148365314
514308277803294721
523820806917603328
504453071041482753
524935246647926784
620971220301787136
687537772970684417
705093513076015104
658938136299511808
627828211003469825
516636338679197697
701539698452393986
691006265137299456
673984270902427650
544278985249550337
692826642583019521
693939356390653952
504244627680272384
672219174463275008
692780496590254081
693804630615166977
659462980476637184
715255507506892800
693686290408181760
682996350909157376
507242819623587841
544314234541469696
524922729485848576
687639526282498049
524881688825167872
538729383662338049
500295393301647360
528607634099015680
536962520477470720
516545908813475841
693236688538243074
693528374996652032
716416753409081344
542860306603868160
500391222075076610
690920430287331328
500377906305327104
531193369465470976
535484342785830912
489968646014246912
689236842454106113
693722259740069889
496698590153416704
524294016435634178
651486105628463105
521769631519092736
693126696132804608
693606934050684928
692410832307818497
693866093123915776
692374052082708480
365052155385749505
500308076004929537
531659884430106624
693059995013742592
715671763808493569
693167683701968896
663744139666804736
552834961762709505
614607711368519680
662151653462790144
693906624776245249
692765809425408000
692127290998784001
318263294098030593
407169212428206080
686422922894815233
614608936491188225
524941132237910016
778949749156245504
693855615618322432
519348106836860929
764931593303646208
689694470779097088
725983128444129280
766719302401613825
553590835850514433
767580827513397252
690650123358093312
516978780171436032
716092408920936448
674229534888185856
407193347279699968
723477822950395904
538724882461097986
693897857376632832
693648684857323521
561952533942661120
525024181218725888
514142113601437696
659439879701602304
693476774462820352
614617234942656512
614628136634949632
767768054163996672
574062768896212992
531524882325311488
525028734991343617
500389488217309184
757190314880884736
765863022506151937
775672628493357057
528562608463704064
407206094747209728
427780584979836929
688757736310484994
535579674152148992
740791134146965504
436157398269849602
524931324763992064
655815788675399680
682999206290829312
525058976376193024
552791578893619200
524646141938647043
693119705469587456
407185422523977728
537006518118273025
543436472842334209
743126914794037248
539799806039052288
524936872666353664
427831952826449920
521098692326350848
523888836456108032
693234925252775936
622891631293935616
766808183696351233
516420964834611201
552816020403269632
521922785254580225
613194145423826944
535507913226190849
553586860334010368
764906140257837056
532297096356167680
265953285247209472
566089610485579776
520284654755381249
489794593580650497
691380138710306816
524932056560963584
650952376954650629
532319110458118144
688752484966363136
778299287293816832
707604196812591104
692056985513123840
690522824797196288
656880145769197568
691889802724118532
489872500462190593
688437279405305856
628336948810268673
678733118648524800
514508854990999553
692838349036326912
667465205258051584
693618217667928068
656811196218286080
628604055644934144
693013768738115584
532276693931945984
580325090367315968
532559937269166080
693123067204243456
489872119158046720
692884886374318081
489818014364086273
489887806018183168
745236050407194624
717081129627553792
547509900130021377
524942470472548352
520299904934371328
688147918113538049
523655026485366784
551099691702956032
693509689418588160
692376812022792196
516804849619705859
552792913910833152
514451906211893248
489820657291911168
500413818368184321
357300409292959744
510916464631889920
728625967921401856
693107789007339521
714555825122107392
643225207705075716
687632433483759616
692796451987034113
560187970389819392
517003426832453633
692758050378256388
407177474788057088
517053056211357696
692463948076093440
693807822971236353
692946556396244992
691027026552229888
544512676643500033
504109775358287872
544277117039837184
614595181845839873
724624672604610562
538975342011363328
637873886072320001
656848877463560192
523939598691741696
649985459389661184
728631482722308096
407176055657484289
542423103834296323
500286058664579072
527286846347567104
693466451081060353
649584608560832513
652000523525091328
407269894938718208
707321278135463936
510908595144519680
663515735231062016
516727880571572225
514478918636535808
689103487880310785
387030572779847680
615689290706595840
728207861050970112
553103772852191233
514555852351479808
672432930426372096
519935535083565056
669259395902152704
509463933564891137
730516765525082112
500381163866062848
514468018970034176
552568163431247873
547587399728267264
536738726693847041
549920761423863808
766638613320859648
693534177694609409
690680310061756416
689661418484994049
516394449065496577
525019752507658240
537976883150077952
693082547664883712
527272948680622080
691656866972209152
551128385850601472
535252460148113409
690926324903317504
688366079396163584
524962142563610625
553470492565602305
553587672137334785
661251968078221312
641082932740947972
525305690257379328
672906198434209792
387009577763360768
693141729529184256
554597409351671808
751856580874960897
672424512516964352
560414522758799361
653250169752977408
536827853669941248
544289311504355328
640107106943766528
693818562981421056
557621135320178688
542320823915536384
518827403452637184
666070802924617728
504500863944376321
538137715293061120
693718533239365633
691327238353129472
407229989902225408
604642913188872192
691380348379201536
540643709465812992
509152237503778816
503714147138166784
524317344730869760
634404792241143809
692623941131722752
544380742076088320
650046859537448960
436215971272212480
688428083540553728
544291804057960448
525056576038518785
656870311057575936
522782267215982592
523555724807262208
407173794583695360
524926472432410625
489796998615547904
498280126254428160
763520953619918848
672828403016429568
692753210692476928
628045645010608128
544523550519218176
500378522788315137
514100169307348992
538256153080127489
544278335455776769
767845555313774593
732981604826677249
688021039322894336
551106923601219585
726190016435728385
553184482241814530
613114185505996802
684488313512800256
551082055883563008
651858133304782848
520630231531802624
524923676484177920
614593386188828672
523943647449198592
690670464440504320
641666167992647681
676970570160988160
516856061182345216
506656271517622272
641443248909754368
407275991610818560
524929497205055488
649889459836710912
521770744855134208
407233172380733441
513779458340569088
693857551620968448
688932211714818048
580348081100734464
676120162018451456
641665203046907904
767698691205410816
686421576904916992
558312304753016832
436157173161144321
686493272806576128
613393657161510913
519704006826807296
692113799546048513
523123779124600833
688281442162352128
531634492528939008
724320681517670400
766752508312166402
524934138563133440
514148279601606656
765934198297362432
550095745161134080
500332933098385408
689938201193115648
652992524504600576
553960736964476928
525032872647065600
686527768327274497
387010299536355328
687956181646753792
675490515748425728
626739062792032256
500288349924782080
553476490315431937
645711628046995462
621025025806577664
553549686129561600
407262869152358400
524991067675189250
692099058811453440
766568413418356736
407213772328022016
534763214106820608
539052152602107904
525040836757958657
552848620375261184
693408117225299968
722885778448121857
663385747177775105
407164247768977409
514057033419849728
427725166127226881
693071538896162816
407170170533064705
693769968199061504
755523157700648960
538133250066366464
767300637012951040
670380354822348801
693622130735484929
693843042546106369
766299560415223808
519375764165509121
503610065769598976
689853056440221696
576319832800555008
504419526998360064
692491478619262976
372489152903643136
532284428542681088
524995771587108864
526459255147491328
693071700200722433
543586319168196608
641191076716417025
614626710248534016
693315824132685824
386998038004113409
525025279803424768
668872645589471232
490136764619948032
516390549012480001
544282005941530624
693523133920342016
747443219487678464
524925987239120897
555003887753494528
693129259334909952
517034091028676608
515538937058971648
531108688749404160
727834854931435522
764449685897568256
641430951403343872
742055437932040193
524757333608394752
544381485591982083
594687353937100801
531525016794697729
691064699853606913
507634536176300032
552706985087361025
614616994499788800
544512910538838016
528976109518721024
348204426659508226
511330322831507456
326137285450018817
693102023764492288
514039286845698048
681824512120324096
552661209204260864
516377014790782977
714531423273746432
687734662249246724
387236601450864641
693546915892428800
510286132568150016
532239131540467712
778530869208190976
766358933296517121
524977992683237376
554655549896159233
693492159635443714
690042063958732800
470025166760980483
552806757672964097
763524712853102596
507454543169617920
535282587325833216
528822281972498432
727588444000526336
544350712365207552
407212665350942720
536835346932441088
693824042164436992
613023744454475776
528357165677817856
613362193787129860
387006553124896768
645362146415525888
372901260183494656
674244561519161344
514081464171102208
693605375803813889
687748306571804672
533734824905670656
688441130271289350
676094756758364160
637868242560638980
669201837187334144
387031585834278912
614614133410033664
692736398462300162
689650617464311813
407192126032986112
407170443443859456
649881917534433280
560442390805090307
693185853867294721
544319832486064128
524958992330522624
612438528803213312
767154835993063425
693571567377342466
524947674164760577
692759090469212160
727179214546456577
436074888638763008
516321020815228929
651809229842608128
650975967146602496
693803472806760448
525300042207612928
715515982584881152
693555965019492352
524941041301225472
716439952922312704
778625026144792577
727187859367546880
544382892378714113
524946179390701568
693691456222052352
544367462012432384
691700082601758720
516475930097643520
650254360727973889
689267711856263168
689549346875031552
745365403237376000
516371936604352513
523126268603031552
517850508380618752
407191058108256257
553503184174710784
570405783306944514
489974591985840128
560474897013415936
743058135300988932
510931521306243072
693125234317086720
522553662996901888
501774615837163521
658755852199927808
500377145349521411
763404633217835009
522815405451407360
707308274270539777
553589051044151296
626898253900943360
568905632998412288
495365942726381568
500378223977721856
643103859729166337
633949800761700352
767737100347191297
649903655160815616
767463109778894848
524980744658382848
618449248179191808
691791477912014850
532259028152246272
525077806401994754
690431187916099584
672553813249826816
693083689098477568
555072815154475008
626770498328895488
634665777400950784
544510450101415936
665358434351509504
513015596879867904
666190716448587776
654351281260113920
687274510643511296
665302351742275584
533767270091087872
676586804242309121
726442550266044416
531900034863091712
692709993573789701
676870737932742656
692911086920667136
490141776984825856
755447443009916929
626897206717624320
693146363685642240
692078399012130816
534445263528947712
693869818366287872
666810213274689537
499366666300846081
674358835675549696
677950378785271808
692163879909064704
693272659447119873
693492349142433792
675005503160901632
693502060545703937
715264793737879553
767330549262278658
692472216135569409
726043971911213057
519530210795216896
688096910217879554
527131140721623040
559787890402541568
665317131597291520
544269749405097984
574004164570841088
524925050739490816
672169954016403456
544271284796784640
554343513887105024
519921456730607616
692393375891361794
693443289370882049
500319675797209088
692800345274241025
688741019979001856
692134022839955456
629209452793626624
519311120914722816
507557659206516736
677099574855639044
553115236992290816
688461902821855232
724348906096590849
524976980799000578
514546272972574721
407161635439013888
673581371458199552
693139276708585472
622858454949040128
531833153145823233
489902412900343809
681767380305985536
576829262927413248
693600369281253376
547514662695469057
614610364702044164
767203096472719364
692924229017309184
742012307694223361
525023025792835585
740748123581087745
716451800581279744
531543620856197121
538861627018579968
553543369604210689
536915851233202176
319166636902998016
544291965513134080
537378640653475841
554886875303780352
563117355254161408
547158281005719552
660466342038867969
693912520923295745
693651239486263296
544520273718812672
759460236042305536
524950339074523137
522443333831262208
691600834707247104
520265722967375872
692106491365605376
673686233936072704
693060960001597440
693198912660885505
521496155310796800
524948703850029056
693086218276474880
761675705956655109
489798752358916096
688755462783782912
693122199536934912
551103664124100608
744390771869102080
550131732805328896
455525437351800832
658259426172891136
553136604882014208
503609826128044032
656595123590012928
618804516578680832
407244865018155008
724661834419048448
527162170531151872
684118654418419712
500363126294863876
614790312955904000
514072132301910016
504830161993609216
673611867181473792
356297080169447425
553061846081896449
553576010898497536
533811170889568256
674364257799004160
692506143147606016
567765185407234049
692840850141753347
692701223326056449
701975210044497921
693822949456007169
517038566061658114
509463916586762241
616421546702336000
693761289601060864
693344498953383936
767129248045948929
509031495101874176
645356735545364480
504106473467944960
535474881090322432
516682897864916992
545271117355958272
767823175480647681
690580180805509121
613061089518034944
538346377794031618
556541489388724224
778689027918618625
780882510645370880
690376107825192960
521444489697583104
504450741126582275
524152657783820288
524181699043663872
407218583135997953
693196937172951040
693162950358622208
489833932813516800
544289409294553088
407253198395555840
715256242990505984
524227209976745984
714811995573325828
535474861616148480
612841482823729152
513749585391390720
525060425184858112
611039775856812032
536547921542791170
614605997953404929
615346611955183616
729647367457230850
557885928417816576
651825062174195712
760928376668454912
544399927045283840
551120768164462592
504448356584677377
427690961280696320
614599619310407680
523535962962280448
780436430732525569
693481256735150082
514483762566922240
672433211604013057
524933380929245184
693281966846808064
552146635707666433
538374385665449985
489796088338341888
692630756548591616
766452700049473536
667534186450825216
407236151167025152
524966904885428226
549998575330275330
749286768554438658
723521076446142465
489836271049928704
626546123713474560
509084603617792001
766789709045518336
544518335019229184
691667941314662400
407290871856369664
767561970182598657
614467824313106432
761381302260031489
554688527435563008
763896522790440960
530943279161155584
693857080193761285
612741808125120513
515918632178577408
528240834660298753
376874273601630208
489874311143260160
551106793959862272
549927969032916993
522453569702989824
693873151659249669
531300385248800768
755475529294352385
682629960826224646
691299810553384960
531568534066057217
692691444046372865
752875379765968897
693476901772513280
693554007785234432
525408908484280321
500281131057811456
547670441754914816
524950264303075328
514517213022543872
407184730988097536
692440373449396224
407205404075376640
671181758692507648
551575491430211584
524312881823637504
524965775036387329
707412869860696064
536105045545472000
672902686380003328
692838430783332357
764158239089029120
674080899055546368
757367391202471937
742114513726623744
752965545528528898
623599854661541888
524925730053181440
522654603675176960
693830499047989248
518866406512025602
693265096278163456
693128224960856064
407209892013821952
553548567420628992
552984502063337472
348203818741272576
549599086073368576
407292452060815360
673696115305406466
689867195657101312
523026678419714048
691285663522648065
648993731169939456
727966590084485120
767528171520524288
757748522481491968
516313006427602944
652982112870662144
727623131494387714
767861179951648768
614494460747997184
604625816992002049
531161914689482752
693631772639145984
348209998565879810
489970164469751808
767814876433571840
553505242554175489
500278045597368320
651786568592658433
536871550184869888
546028163134808064
693131575261659137
693795905049329664
693484841011060737
614610102927147008
638050997340893184
672488384695279616
544512664769396736
767541796410839040
527308173112139776
674015148382666752
528495998537334785
693200309955469312
538851683141304320
688004802245214208
692735354240114688
500341884678836224
377519445578895360
653432177632387072
701872343736520704
693121477491757056
531498841158082562
690106189951139840
661229627734667264
524929796862918656
767715524222578688
687409983139495939
436001434212249600
714598641827246081
693122701569974273
445495350171013120
553531413459660800
531085761521528834
692023417575448576
693658242044542976
693711272014155776
551942365901250560
571052823665704960
727982226290442240
544514564407427072
633823543541768192
514106273852174337
640118021101604864
662381914842603520
693641113693884416
647169726158925824
507257950868885504
489865454312099840
356437941641416705
693771953648373760
693456187036037123
759653274605740032
644321231618076673
767710245779103744
507261372313640961
692922211338981377
517712193841037312
692746621218656258
544350567183556608
661102820976930816
518665533089406976
514067907475959808
614494170590367744
675065047710892033
561280944045576192
568452856224747520
701175292937707520
693457310824468480
676718762830221312
407189015582887936
693102420688121856
504441156575297536
693466724822323200
516361247223058432
707332312724283392
544391176137089024
693792605755285504
427652211414274048
707420972173955072
553099685888790528
516434071631974400
380055172896272384
524925215235911680
560133068670140417
522534012544638976
714851393861881857
693827886021767169
682895395077373952
514540926640087040
563123548857053184
553098571323437056
716457799392342018
715254040289021952
663722803489808384
524926235030589440
693595814401327104
552783667052167168
514109888138842113
518192429153783808
531129816389779456
515519742355185664
693068611951300608
525041127343550464
651044059222556674
693076140278153217
504131654810877952
524987184836005889
778681502825451520
689890946683576322
675434959939756032
427666815842414592
714577521992343552
674713782778654721
521533372280369152
616311563071434753
727854332188577792
551135925862805504
553587013409325058
524983325275197440
534543768653807618
499683602452717569
544324444773433348
524952883343925249
688027085730897921
692024256520179712
693921710383337472
553579224402235393
674301413040758785
524976106861236226
519962130859429888
524320261667950592
542600886653292545
693594331735683072
544301453717041152
519275971758026752
436195672677953536
688819658057740290
693456387880402944
692516224245235712
568589712644026368
544504183341064192
407169699559247872
693185488644149248
674014933235859456
521835345059389440
503498696273965056
500307001629745152
532275347413544961
692742353736568833
560163341524807680
669613420665159680
491241885399539712
723915846985342976
767068504277344260
551117430345711616
536849906997415936
692743102432346113
407167258452971520
765859710503378944
531565935128498176
524593547807178753
689100941119848449
614604580601597953
614601139422633984
758825535480864769
531733274968989696
687911282922631168
524289058290159616
692023855926374400
528312406498635777
524929106987991040
765141361033109504
767459987476054016
692932696645865472
767710042816602112
501881262240694272
763964234774347776
531676808836833280
521821037726797824
706933939953344514
614645853291155457
687766167558164481
517416417164263424
500279189405433858
653432261203750912
641088973717110784
693554344298467328
387006700609228801
547525843749470208
528237933661544448
676067381299576832
521777301470871553
693676692309700609
524944399890124801
766541461189832704
690985215691354112
692890520960397312
648894687542034432
765359928361922560
516411927506206721
544274934835707905
509473920060104704
711994705333112832
692031224227958789
689641419825242112
552793679082311680
764653644138450945
495366618818830336
407211258304552960
692014905239666688
687617323235147776
524586367456919552
763738618573623297
560873850846846978
524961908903149568
635632641635667968
407267881131732992
693204483501887488
747275598347837440
562090534945431552
491200302365040640
663817239896821760
524263570985340928
532275383430041600
692063305297453060
642145732435292160
614609560658161664
693670046497935361
525411618231169025
407262953533353984
693321561542127616
692510002586714113
539254751343681536
652882609219833856
756282236375277568
692364468442021889
655080266784968705
543319210659971073
692702295281262593
552810448324943872
689529955294777344
707310135291416576
681199637387149313
674187250792558592
525301290218553344
500303431928922113
733242244522725376
538760398003253248
732971411157880832
613016993692798977
524981436252950528
693441093048766464
336913656921083904
552677176873455616
489802446001434625
516358319317852160
656662726014599168
514429381737852929
656202544331517952
527295015643394048
407253554039386112
407209222850756608
365276206381268995
725174535897620481
714560810266132480
675193315306905600
501781217411215360
407237676350185475
482880640560271361
692892472729415680
688446106943008768
703234354579898368
616686132387028992
715253497462145024
501785003144273921
537355288295518210
524291188422356993
365056836476481537
524940659778920448
407162181059612672
548672230134382592
675064077367005184
742050150307246080
436160836524965891
693662456393134080
386682163862986752
539115704285270017
521727831307722753
531287426858487808
766715993385267201
692047663211085825
529434230938284032
707300612862566400
507918114567499776
693136527816331264
692734579141185536
553518472798683136
524191650420367360
697992796565741569
687643002240679936
618805892222468096
552821069036670976
524923462398513152
692267960686284800
536808074431184896
509077805296914432
726086935903494144
525068915068923904
553186555150749696
751536167183613952
500363740311982081
693160939802214400
728101712762834944
547807913671405568
692113839387709444
672102358516670465
377002232257855488
525043936331857923
766307327922335745
693934062445187072
521663202183348224
707405809181917184
690567125128351744
519447199164665856
521790189715615744
692797856386777089
521788572933062657
692816955837804544
532284831783460864
500281094239817728
549975297160802304
614638036593299456
500298752469770240
538218607822770176
356407105953071107
427846006600777729
693402634011701248
544457299667202048
524951893467234304
516386101766782976
538847758032310272
632377165477191680
692382471061663744
544154048950435840
693459931022913536
537484793882361856
531531382611513344
524185876931162112
489854703321509888
614595106906226688
689860942671130624
692692529779707904
767218194385866752
504478567062056962
628319096606732290
760120409429643266
407159686786732032
714503380476026880
407279190913069056
407198615137181696
656834590779289600
614599815280857088
407182466613792768
651018580989972480
523566838958284801
640182854928961536
692497796956561408
693804277031157761
662430295254175744
532281981795848192
532007252677656576
524930671220105216
643139873264812032
693284114724700160
551123464640536576
767803368081358848
407231740764508161
552802654641225728
767754921403899906
614593989203886080
509478961705807872
544512108885725184
727116900983934976
553190393370923008
613294443878305796
427689948398231552
524976963862429697
692707593991643136
688752927381581824
683731779342188545
534278078105944064
691809004356501505
689722724470620161
620916279608651776
499368931367608320
706665777332621314
544283772569788416
687984820815851521
552791196247269378
543443188934250496
664000310856310784
685633217160998912
562313802369073153
550175324634619904
767520433247809536
489841070818488320
728627623488786433
641972184412327937
407197113286545409
525008463819464704
690676539323740161
544289941996326912
692498490249891842
544352727971954690
525291306000846848
693079616072880128
647464349611589632
519112613800972288
691616143161819136
525049639016615937
674263945172119552
544515538383564801
518924377791164420
616765822095261700
544391533240516608
500294803402137600
723365789378584578
504243239084236800
666051332504207360
693935557009801218
762775964224847872
673664899571060736
692368829368918017
688763993633107968
351767344097398785
273182568298450945
524186749002473472
651402689352351744
534303066867367937
692925396292091905
364383457545162754
615494435074363392
387041762331471872
552792544132997121
523562674487975937
576513463738109954
685232704774787072
524959836778536961
531131094276382720
376982539132366848
489800427152879616
757450526153900032
538930446814703616
767094580634202112
519929168864497664
728038172270198787
407181813174788096
516861311725342722
765779159176077312
765735409984806912
692745861978263552
524927281048080385
